### DATA:
#
# 1696
#      Q             I(Q)           Error     
2.90283960E-03  8.72268825E-04  3.31975274E-04
3.02636469E-03  6.66635519E-04  3.11998360E-04
3.14988978E-03  8.82293204E-04  2.77079427E-04
3.27341487E-03  1.37084732E-03  2.56536108E-04
3.39693996E-03  1.13718657E-03  2.38972006E-04
3.52046505E-03  1.07405741E-03  2.23258800E-04
3.64399014E-03  1.22288341E-03  2.13134489E-04
3.76751523E-03  8.73088885E-04  2.04036239E-04
3.89104032E-03  1.16716220E-03  2.03100862E-04
4.01456541E-03  1.05214275E-03  1.95828252E-04
4.13809050E-03  1.21031871E-03  1.89276898E-04
4.26161559E-03  1.30599910E-03  1.84666649E-04
4.38514068E-03  9.28875703E-04  1.78860453E-04
4.50866577E-03  1.12089915E-03  1.74806579E-04
4.63219086E-03  9.81717732E-04  1.70738256E-04
4.75571595E-03  9.54295857E-04  1.65227876E-04
4.87924104E-03  8.46134510E-04  1.60817081E-04
5.00276613E-03  1.18304055E-03  1.58950221E-04
5.12629122E-03  1.08497295E-03  1.54764269E-04
5.24981630E-03  1.14275024E-03  1.50421926E-04
5.37334139E-03  9.21037093E-04  1.47860620E-04
5.49686648E-03  1.23060162E-03  1.45734708E-04
5.62039157E-03  9.01423374E-04  1.42658645E-04
5.74391666E-03  1.11861558E-03  1.39234680E-04
5.86744175E-03  1.05057160E-03  1.38144010E-04
5.99096684E-03  1.19686848E-03  1.34296492E-04
6.11449193E-03  1.08912435E-03  1.34835959E-04
6.23801702E-03  9.94281704E-04  1.32264756E-04
6.36154211E-03  1.02383961E-03  1.27827097E-04
6.48506720E-03  9.98072406E-04  1.28222232E-04
6.60859229E-03  1.17674830E-03  1.27004501E-04
6.73211738E-03  1.12468700E-03  1.24413583E-04
6.85564247E-03  1.11045115E-03  1.21147314E-04
6.97916756E-03  1.15421522E-03  1.19825052E-04
7.10269265E-03  9.64242721E-04  1.20994500E-04
7.22621774E-03  1.24722672E-03  1.18494522E-04
7.34974283E-03  1.18242152E-03  1.17889886E-04
7.47326792E-03  1.13717162E-03  1.15330980E-04
7.59679301E-03  1.04977514E-03  1.12928902E-04
7.72031810E-03  1.18691084E-03  1.13918354E-04
7.84384319E-03  1.12146944E-03  1.12229119E-04
7.96736827E-03  9.63757288E-04  1.10382129E-04
8.09089336E-03  1.04871715E-03  1.11153491E-04
8.21441845E-03  1.13836212E-03  1.09303448E-04
8.33794354E-03  1.06934429E-03  1.09003263E-04
8.46146863E-03  1.18541818E-03  1.06552323E-04
8.58499372E-03  9.04188585E-04  1.06305262E-04
8.70851881E-03  9.32702687E-04  1.05856328E-04
8.83204390E-03  1.18337220E-03  1.04415367E-04
8.95556899E-03  1.18024938E-03  1.03794898E-04
9.07909408E-03  9.90902748E-04  1.01027231E-04
9.20261917E-03  1.13811657E-03  1.01377108E-04
9.32614426E-03  1.21649596E-03  1.01912413E-04
9.44966935E-03  1.10941265E-03  9.98388071E-05
9.57319444E-03  1.15465386E-03  9.90414319E-05
9.69671953E-03  1.02373444E-03  9.78079965E-05
9.82024462E-03  1.12214958E-03  9.82030807E-05
9.94376971E-03  1.04934224E-03  9.60857262E-05
1.00672948E-02  9.38495383E-04  9.54152335E-05
1.01908199E-02  1.01357462E-03  9.61299680E-05
1.03143450E-02  9.81713173E-04  9.41251989E-05
1.04378701E-02  1.08538907E-03  9.40455153E-05
1.05613952E-02  1.06504915E-03  9.25894837E-05
1.06849202E-02  1.04565434E-03  9.23938110E-05
1.08084453E-02  9.73877968E-04  9.20121175E-05
1.09319704E-02  1.08465762E-03  9.10486935E-05
1.10554955E-02  9.85274178E-04  9.04563879E-05
1.11790206E-02  9.38928912E-04  8.93525283E-05
1.13025457E-02  1.04584203E-03  8.92317511E-05
1.14260708E-02  9.64049640E-04  8.91072852E-05
1.15495959E-02  1.18034224E-03  8.84095997E-05
1.16731210E-02  1.09314748E-03  8.74840663E-05
1.17966460E-02  1.03934490E-03  8.69371738E-05
1.19201711E-02  1.01910840E-03  8.64828431E-05
1.20436962E-02  1.06040564E-03  8.64109957E-05
1.21672213E-02  1.12632745E-03  8.50253124E-05
1.22907464E-02  1.07530940E-03  8.48633579E-05
1.24142715E-02  1.02126188E-03  8.44781135E-05
1.25377966E-02  1.02593622E-03  8.44901124E-05
1.26613217E-02  1.13069131E-03  8.31284617E-05
1.27848468E-02  9.98563973E-04  8.31958509E-05
1.29083719E-02  1.28625822E-03  8.29943645E-05
1.30318969E-02  1.05256437E-03  8.26112240E-05
1.31554220E-02  1.12501079E-03  8.16338002E-05
1.32789471E-02  1.15903427E-03  8.08736370E-05
1.34024722E-02  1.07565993E-03  8.12219161E-05
1.35259973E-02  1.25223286E-03  8.04087559E-05
1.36495224E-02  9.03205634E-04  8.02237440E-05
1.37730475E-02  9.70600965E-04  7.94362702E-05
1.38965726E-02  1.08402131E-03  7.91729310E-05
1.40200977E-02  1.09000430E-03  7.89936331E-05
1.41436228E-02  9.86056031E-04  7.88412087E-05
1.42671478E-02  1.10810145E-03  7.76127751E-05
1.43906729E-02  1.06953951E-03  7.80658827E-05
1.45141980E-02  1.13946827E-03  7.71006786E-05
1.46377231E-02  9.60213498E-04  7.71183702E-05
1.47612482E-02  1.00164380E-03  7.65886988E-05
1.48847733E-02  1.06748059E-03  7.62048901E-05
1.50082984E-02  9.71041837E-04  7.58104244E-05
1.51318235E-02  1.01074207E-03  7.56498683E-05
1.52553486E-02  1.15086263E-03  7.56443945E-05
1.53788736E-02  1.09374583E-03  7.46607314E-05
1.55023987E-02  1.06821291E-03  7.44135158E-05
1.56259238E-02  1.07028053E-03  7.44632369E-05
1.57494489E-02  1.12171508E-03  7.43773382E-05
1.58729740E-02  9.92318855E-04  7.33541114E-05
1.59964991E-02  1.01029183E-03  7.31994796E-05
1.61200242E-02  9.94379142E-04  7.26969437E-05
1.62435493E-02  1.02398026E-03  7.26348995E-05
1.63670744E-02  1.10394747E-03  7.25114948E-05
1.64905995E-02  1.05227004E-03  7.17351168E-05
1.66141245E-02  1.06511348E-03  7.15770326E-05
1.67376496E-02  1.09520769E-03  7.17329334E-05
1.68611747E-02  9.09183971E-04  7.11734437E-05
1.69846998E-02  1.06140931E-03  7.07466519E-05
1.71082249E-02  1.03227852E-03  7.06739147E-05
1.72317500E-02  1.08898882E-03  7.04000380E-05
1.73552751E-02  1.05415953E-03  7.00250444E-05
1.74788002E-02  1.11619046E-03  6.92418115E-05
1.76023253E-02  9.30755266E-04  6.98552274E-05
1.77258503E-02  9.92437643E-04  6.91029198E-05
1.78493754E-02  9.87720392E-04  6.91560475E-05
1.79729005E-02  1.11967085E-03  6.86195433E-05
1.80964256E-02  1.05059741E-03  6.82310782E-05
1.82199507E-02  1.03205689E-03  6.80219607E-05
1.83434758E-02  1.12415430E-03  6.80257251E-05
1.84670009E-02  9.43794606E-04  6.77054066E-05
1.85905260E-02  9.82300795E-04  6.69840888E-05
1.87140511E-02  1.10115383E-03  6.70671066E-05
1.88375762E-02  9.84977449E-04  6.70781904E-05
1.89611012E-02  1.07585661E-03  6.65206105E-05
1.90846263E-02  1.11562663E-03  6.63145570E-05
1.92081514E-02  1.14941389E-03  6.65142866E-05
1.93316765E-02  9.52077806E-04  6.60779457E-05
1.94552016E-02  9.89992568E-04  6.59382481E-05
1.95787267E-02  1.02215158E-03  6.48070904E-05
1.97022518E-02  1.14431081E-03  6.55275268E-05
1.98257769E-02  1.00398282E-03  6.50545415E-05
1.99493020E-02  1.03935049E-03  6.50043924E-05
2.00728270E-02  9.50971949E-04  6.47034087E-05
2.01963521E-02  1.02011383E-03  6.41217220E-05
2.03198772E-02  9.90492299E-04  6.40424145E-05
2.04434023E-02  1.00887860E-03  6.40646154E-05
2.05669274E-02  1.04050866E-03  6.38860126E-05
2.06904525E-02  9.74357454E-04  6.33297879E-05
2.08139776E-02  9.40711058E-04  6.31501518E-05
2.09375027E-02  1.01747550E-03  6.33503489E-05
2.10610278E-02  9.75462986E-04  6.30085714E-05
2.11845529E-02  9.85754726E-04  6.26426353E-05
2.13080779E-02  1.09581608E-03  6.27044676E-05
2.14316030E-02  8.81474486E-04  6.20572673E-05
2.15551281E-02  9.71074112E-04  6.23849036E-05
2.16786532E-02  1.04761062E-03  6.14637551E-05
2.18021783E-02  9.88768913E-04  6.18841660E-05
2.19257034E-02  9.41117206E-04  6.16916144E-05
2.20492285E-02  9.99883484E-04  6.14683438E-05
2.21727536E-02  8.69187120E-04  6.13283644E-05
2.22962787E-02  9.25957316E-04  6.09128996E-05
2.24198037E-02  9.84861944E-04  6.08276362E-05
2.25433288E-02  9.25880353E-04  6.08607669E-05
2.26668539E-02  1.04806142E-03  6.04405986E-05
2.27903790E-02  9.10128523E-04  6.02883589E-05
2.29139041E-02  9.93836538E-04  6.00915748E-05
2.30374292E-02  9.56968591E-04  5.98496594E-05
2.31609543E-02  9.57821619E-04  6.01606547E-05
2.32844794E-02  1.01526082E-03  5.94305193E-05
2.34080045E-02  9.07063297E-04  5.95006131E-05
2.35315296E-02  8.92772991E-04  5.90813781E-05
2.36550546E-02  8.62018207E-04  5.92645619E-05
2.37785797E-02  9.85571625E-04  5.89658428E-05
2.39021048E-02  8.58244444E-04  5.85921233E-05
2.40256299E-02  9.93245074E-04  5.87187103E-05
2.41491550E-02  9.12071103E-04  5.88884771E-05
2.42726801E-02  9.72705614E-04  5.80903916E-05
2.43962052E-02  9.15987287E-04  5.81600840E-05
2.45197303E-02  1.04421398E-03  5.78996921E-05
2.46432554E-02  9.88356088E-04  5.77618717E-05
2.47667805E-02  9.54593954E-04  5.78093852E-05
2.48903055E-02  1.03233739E-03  5.74247061E-05
2.50138306E-02  1.02999149E-03  5.73906980E-05
2.51373557E-02  1.01671596E-03  5.71875633E-05
2.52608808E-02  8.86924817E-04  5.71105861E-05
2.53844059E-02  8.98819249E-04  5.69894214E-05
2.55079310E-02  9.47810427E-04  5.67656097E-05
2.56314561E-02  9.90299487E-04  5.66966931E-05
2.57549812E-02  9.49740196E-04  5.66364758E-05
2.58785063E-02  8.72244450E-04  5.58865730E-05
2.60020313E-02  1.03545239E-03  5.62313075E-05
2.61255564E-02  9.64290461E-04  5.59841269E-05
2.62490815E-02  9.41795626E-04  5.61730555E-05
2.63726066E-02  9.61686107E-04  5.56984347E-05
2.64961317E-02  9.19194240E-04  5.55419459E-05
2.66196568E-02  9.83434745E-04  5.55187585E-05
2.67431819E-02  9.29038965E-04  5.52523492E-05
2.68667070E-02  9.27193105E-04  5.55214748E-05
2.69902321E-02  9.40793873E-04  5.50453886E-05
2.71137572E-02  9.51957309E-04  5.49318126E-05
2.72372822E-02  1.01959367E-03  5.48432158E-05
2.73608073E-02  9.56540900E-04  5.47176308E-05
2.74843324E-02  8.85827757E-04  5.44863267E-05
2.76078575E-02  1.00131872E-03  5.45887248E-05
2.77313826E-02  9.02402724E-04  5.43391214E-05
2.78549077E-02  9.48541080E-04  5.43525875E-05
2.79784328E-02  9.57667673E-04  5.39312327E-05
2.81019579E-02  9.97366769E-04  5.40242915E-05
2.82254830E-02  8.98738687E-04  5.39200639E-05
2.83490080E-02  9.46240522E-04  5.45766468E-05
2.84725331E-02  9.70792099E-04  5.49343396E-05
2.85960582E-02  1.03164061E-03  5.50140416E-05
2.87195833E-02  9.22968961E-04  5.49372755E-05
2.88431084E-02  8.93548316E-04  5.51894043E-05
2.89666335E-02  8.92865915E-04  5.51239942E-05
2.90901586E-02  9.61771548E-04  5.52751186E-05
2.92136837E-02  8.81848844E-04  5.53567131E-05
2.93372088E-02  9.66068865E-04  5.53512113E-05
2.94607339E-02  9.29353431E-04  5.55064233E-05
2.95842589E-02  8.51047391E-04  5.52157637E-05
2.97077840E-02  9.38769468E-04  5.53439880E-05
2.98313091E-02  1.00619455E-03  5.53023757E-05
2.99548342E-02  1.04734373E-03  5.55137990E-05
3.00783593E-02  8.95891883E-04  5.53402552E-05
3.02018844E-02  8.93073554E-04  5.54009327E-05
3.03254095E-02  9.23971321E-04  5.54296660E-05
3.04489346E-02  8.75220119E-04  5.52424184E-05
3.05724597E-02  9.02660136E-04  5.53468492E-05
3.06959847E-02  1.02786728E-03  5.53051852E-05
3.08195098E-02  8.74498509E-04  5.52210843E-05
3.09430349E-02  8.63274746E-04  5.55075149E-05
3.10665600E-02  9.26733118E-04  5.55016940E-05
3.11900851E-02  8.83448406E-04  5.50197686E-05
3.13136102E-02  9.13621415E-04  5.51078757E-05
3.14371353E-02  8.43924437E-04  5.51288068E-05
3.15606604E-02  9.03827275E-04  5.51277000E-05
3.16841855E-02  9.06898258E-04  5.52452894E-05
3.18077106E-02  9.59905765E-04  5.52016378E-05
3.19312356E-02  8.18043048E-04  5.49300455E-05
3.20547607E-02  9.59511874E-04  5.50023247E-05
3.21782858E-02  9.23535295E-04  5.49813097E-05
3.23018109E-02  8.74350299E-04  5.51425371E-05
3.24253360E-02  9.07948422E-04  5.48569089E-05
3.25488611E-02  9.05453728E-04  5.48710421E-05
3.26723862E-02  8.77356894E-04  5.48914417E-05
3.27959113E-02  8.99829433E-04  5.46499134E-05
3.29194364E-02  8.55010611E-04  5.48967332E-05
3.30429614E-02  9.30666793E-04  5.47657219E-05
3.31664865E-02  8.90258081E-04  5.38262055E-05
3.32900116E-02  8.92855678E-04  5.32052958E-05
3.34135367E-02  8.69640816E-04  5.32842983E-05
3.35370618E-02  8.14194144E-04  5.27849082E-05
3.36605869E-02  8.28955567E-04  5.22218248E-05
3.37841120E-02  8.88736371E-04  5.22373042E-05
3.39076371E-02  8.70375038E-04  5.22776461E-05
3.40311622E-02  8.96015900E-04  5.18636123E-05
3.41546873E-02  8.78767687E-04  5.18232147E-05
3.42782123E-02  8.42517410E-04  5.15310104E-05
3.44017374E-02  8.79087193E-04  5.11877266E-05
3.45252625E-02  8.91221196E-04  5.12120296E-05
3.46487876E-02  8.24644935E-04  5.10828202E-05
3.47723127E-02  9.08903525E-04  5.10138038E-05
3.48958378E-02  9.00490055E-04  5.07650701E-05
3.50193629E-02  9.01269991E-04  5.11481444E-05
3.51428880E-02  9.05417628E-04  5.12866251E-05
3.52664131E-02  8.30147237E-04  5.15122199E-05
3.53899381E-02  8.38459481E-04  5.16614657E-05
3.55134632E-02  8.37372715E-04  5.19382551E-05
3.56369883E-02  8.35760318E-04  5.18132530E-05
3.57605134E-02  9.09924491E-04  5.17121792E-05
3.58840385E-02  8.63703808E-04  5.16811809E-05
3.60075636E-02  9.61951333E-04  5.19741313E-05
3.61310887E-02  8.89634763E-04  5.17768574E-05
3.62546138E-02  8.70787246E-04  5.19657952E-05
3.63781389E-02  7.63651648E-04  5.19539786E-05
3.65016640E-02  8.65464866E-04  5.17523907E-05
3.66251890E-02  8.30308354E-04  5.18725178E-05
3.67487141E-02  8.58060996E-04  5.17088307E-05
3.68722392E-02  8.01784070E-04  5.18027876E-05
3.69957643E-02  9.14861885E-04  5.18604013E-05
3.71192894E-02  8.05651217E-04  5.17402865E-05
3.72428145E-02  8.99479458E-04  5.18032139E-05
3.73663396E-02  8.35507289E-04  5.16155620E-05
3.74898647E-02  8.17617127E-04  5.17587840E-05
3.76133898E-02  9.05582623E-04  5.16986518E-05
3.77369149E-02  7.91918112E-04  5.15882306E-05
3.78604399E-02  7.87584296E-04  5.16345254E-05
3.79839650E-02  8.54911564E-04  5.15601409E-05
3.81074901E-02  8.30705870E-04  5.16271402E-05
3.82310152E-02  7.90827113E-04  5.14661950E-05
3.83545403E-02  8.35547842E-04  5.14624261E-05
3.84780654E-02  9.02392014E-04  5.15446793E-05
3.86015905E-02  8.29974925E-04  5.14366717E-05
3.87251156E-02  8.72214002E-04  5.13811481E-05
3.88486407E-02  7.94063682E-04  5.13467703E-05
3.89721657E-02  8.53266931E-04  5.12842923E-05
3.90956908E-02  7.63885845E-04  5.14062013E-05
3.92192159E-02  8.50622722E-04  5.12623147E-05
3.93427410E-02  7.61153306E-04  5.10529464E-05
3.94662661E-02  7.56647854E-04  5.12519178E-05
3.95897912E-02  7.96061523E-04  5.11668430E-05
3.97133163E-02  8.07583653E-04  5.10330968E-05
3.98368414E-02  8.30907885E-04  5.05198399E-05
3.99603665E-02  8.04241117E-04  4.98446001E-05
4.00838916E-02  7.63806636E-04  4.96816196E-05
4.02074166E-02  8.03670141E-04  4.95647585E-05
4.03309417E-02  7.91291547E-04  4.92354733E-05
4.04544668E-02  8.49976672E-04  4.90091177E-05
4.05779919E-02  7.52483501E-04  4.87763704E-05
4.07015170E-02  8.07981246E-04  4.84623281E-05
4.08250421E-02  8.19497360E-04  4.84539849E-05
4.09485672E-02  7.87345824E-04  4.82521227E-05
4.10720923E-02  8.35371470E-04  4.81551208E-05
4.11956174E-02  8.27805462E-04  4.81076602E-05
4.13191424E-02  8.26689310E-04  4.76523661E-05
4.14426675E-02  7.39570705E-04  4.77893706E-05
4.15661926E-02  7.44136276E-04  4.74004433E-05
4.16897177E-02  8.04479451E-04  4.75379529E-05
4.18132428E-02  7.72748472E-04  4.73077064E-05
4.19367679E-02  7.67077217E-04  4.70576585E-05
4.20602930E-02  8.72206367E-04  4.71628720E-05
4.21838181E-02  7.57047637E-04  4.67999081E-05
4.23073432E-02  8.58140369E-04  4.68846777E-05
4.24308683E-02  7.26485959E-04  4.66690714E-05
4.25543933E-02  7.75872778E-04  4.65593240E-05
4.26779184E-02  7.40296850E-04  4.66520261E-05
4.28014435E-02  6.79341185E-04  4.61369834E-05
4.29249686E-02  7.95209793E-04  4.63169668E-05
4.30484937E-02  6.94772023E-04  4.60803489E-05
4.31720188E-02  7.61551192E-04  4.61052630E-05
4.32955439E-02  8.17707199E-04  4.62245118E-05
4.34190690E-02  7.71665074E-04  4.55804681E-05
4.35425941E-02  7.18599763E-04  4.59646503E-05
4.36661191E-02  7.52266297E-04  4.54026179E-05
4.37896442E-02  8.12100268E-04  4.55277124E-05
4.39131693E-02  7.94975887E-04  4.54235140E-05
4.40366944E-02  7.68065902E-04  4.54389605E-05
4.41602195E-02  8.17705898E-04  4.52783041E-05
4.42837446E-02  8.02526143E-04  4.51206278E-05
4.44072697E-02  7.98259454E-04  4.50542088E-05
4.45307948E-02  7.65290092E-04  4.51659697E-05
4.46543199E-02  7.23709590E-04  4.47300821E-05
4.47778450E-02  7.84004695E-04  4.49500525E-05
4.49013700E-02  7.19426927E-04  4.46332950E-05
4.50248951E-02  7.80225515E-04  4.45378651E-05
4.51484202E-02  8.06538955E-04  4.45713210E-05
4.52719453E-02  8.20430094E-04  4.42481759E-05
4.53954704E-02  7.28213673E-04  4.43710203E-05
4.55189955E-02  7.54886864E-04  4.40474882E-05
4.56425206E-02  7.70149972E-04  4.41768921E-05
4.57660457E-02  7.52599800E-04  4.39536880E-05
4.58895708E-02  7.84777041E-04  4.39024087E-05
4.60130958E-02  7.42368395E-04  4.38349939E-05
4.61366209E-02  7.83380905E-04  4.37947728E-05
4.62601460E-02  7.52771183E-04  4.36201252E-05
4.63836711E-02  7.21670995E-04  4.34970701E-05
4.65071962E-02  7.50622903E-04  4.35723369E-05
4.66307213E-02  7.24593004E-04  4.33259228E-05
4.67542464E-02  7.47519696E-04  4.32500362E-05
4.68777715E-02  7.53833426E-04  4.32461114E-05
4.70012966E-02  7.20639132E-04  4.30689028E-05
4.71248217E-02  7.21226766E-04  4.31492420E-05
4.72483467E-02  6.87237900E-04  4.28836702E-05
4.73718718E-02  7.06812765E-04  4.29723499E-05
4.74953969E-02  6.70225703E-04  4.27850706E-05
4.76189220E-02  7.83223114E-04  4.26942567E-05
4.77424471E-02  7.16136765E-04  4.26773354E-05
4.78659722E-02  7.24525340E-04  4.24640585E-05
4.79894973E-02  7.70466128E-04  4.25184564E-05
4.81130224E-02  7.34362833E-04  4.23177990E-05
4.82365475E-02  7.39192574E-04  4.25313073E-05
4.83600726E-02  6.96872178E-04  4.21861126E-05
4.84835976E-02  8.00380691E-04  4.20880916E-05
4.86071227E-02  6.97249673E-04  4.21553273E-05
4.87306478E-02  6.89787288E-04  4.19176083E-05
4.88541729E-02  6.95149400E-04  4.21160042E-05
4.89776980E-02  6.64684376E-04  4.16534506E-05
4.91012231E-02  6.59565481E-04  4.17994979E-05
4.92247482E-02  6.66080240E-04  4.17187413E-05
4.93482733E-02  6.38949903E-04  4.16070126E-05
4.94717984E-02  6.65532926E-04  4.17454354E-05
4.95953234E-02  6.74803128E-04  4.13308787E-05
4.97188485E-02  7.12633390E-04  4.15543772E-05
4.98423736E-02  7.42025765E-04  4.13471406E-05
4.99658987E-02  6.88709624E-04  4.13249537E-05
5.00894238E-02  6.73102266E-04  4.12474248E-05
5.02129489E-02  7.50448049E-04  4.15973361E-05
5.03364740E-02  7.61812098E-04  4.19070524E-05
5.04599991E-02  6.65733276E-04  4.17817930E-05
5.05835242E-02  6.06254907E-04  4.19415562E-05
5.07070493E-02  6.92008893E-04  4.20836172E-05
5.08305743E-02  7.11923926E-04  4.19554412E-05
5.09540994E-02  6.73522408E-04  4.23693709E-05
5.10776245E-02  6.88284904E-04  4.19798116E-05
5.12011496E-02  6.87328994E-04  4.22053638E-05
5.13246747E-02  6.63589530E-04  4.21552944E-05
5.14481998E-02  7.22759633E-04  4.22146895E-05
5.15717249E-02  7.24551412E-04  4.23201359E-05
5.16952500E-02  6.53327820E-04  4.21367361E-05
5.18187751E-02  6.66662921E-04  4.18903184E-05
5.19423001E-02  6.83804794E-04  4.15132199E-05
5.20658252E-02  6.67938299E-04  4.14173079E-05
5.21893503E-02  7.31997747E-04  4.13025920E-05
5.23128754E-02  7.20955332E-04  4.11943860E-05
5.24364005E-02  6.49588064E-04  4.11310235E-05
5.25599256E-02  6.04495785E-04  4.08195993E-05
5.26834507E-02  6.67332246E-04  4.08743460E-05
5.28069758E-02  6.15843756E-04  4.08034713E-05
5.29305009E-02  7.05941534E-04  4.08271804E-05
5.30540260E-02  7.24655809E-04  4.08034336E-05
5.31775510E-02  6.32208499E-04  4.02890297E-05
5.33010761E-02  6.35105644E-04  4.05245459E-05
5.34246012E-02  6.71598999E-04  4.05609224E-05
5.35481263E-02  6.39984959E-04  4.03581559E-05
5.36716514E-02  6.89708401E-04  4.04301774E-05
5.37951765E-02  6.77755437E-04  4.00722842E-05
5.39187016E-02  6.47338693E-04  4.03956350E-05
5.40422267E-02  6.42088441E-04  4.00612314E-05
5.41657518E-02  5.76692991E-04  4.00947236E-05
5.42892768E-02  6.46875653E-04  4.00160992E-05
5.44128019E-02  6.06288803E-04  3.98380463E-05
5.45363270E-02  6.02197756E-04  4.01454378E-05
5.46598521E-02  6.78118745E-04  3.98399398E-05
5.47833772E-02  6.67354872E-04  3.97813129E-05
5.49069023E-02  6.69104357E-04  3.96918489E-05
5.50304274E-02  6.44452900E-04  3.96099410E-05
5.51539525E-02  6.42740569E-04  3.97965883E-05
5.52774776E-02  6.67689081E-04  3.95331011E-05
5.54010027E-02  5.72635201E-04  3.95015763E-05
5.55245277E-02  5.65664910E-04  3.96139604E-05
5.56480528E-02  6.72836301E-04  3.92938957E-05
5.57715779E-02  6.13704057E-04  3.94159563E-05
5.58951030E-02  6.46857500E-04  3.93616846E-05
5.60186281E-02  6.73024859E-04  3.93151650E-05
5.61421532E-02  6.02372061E-04  3.92573171E-05
5.62656783E-02  6.50927874E-04  3.91573150E-05
5.63892034E-02  6.41676617E-04  3.91441708E-05
5.65127285E-02  6.07487709E-04  3.91104025E-05
5.66362535E-02  6.31177820E-04  3.91793241E-05
5.67597786E-02  6.23026235E-04  3.89262399E-05
5.68833037E-02  6.51842778E-04  3.88668006E-05
5.70068288E-02  6.56938025E-04  3.89301905E-05
5.71303539E-02  6.32369965E-04  3.88786353E-05
5.72538790E-02  6.14661200E-04  3.88674173E-05
5.73774041E-02  5.79078340E-04  3.87400332E-05
5.75009292E-02  5.98316266E-04  3.87136550E-05
5.76244543E-02  6.53716920E-04  3.87594201E-05
5.77479794E-02  6.16972996E-04  3.86723473E-05
5.78715044E-02  5.85080360E-04  3.85546840E-05
5.79950295E-02  5.94885572E-04  3.83961570E-05
5.81185546E-02  6.31598504E-04  3.84892538E-05
5.82420797E-02  6.31672879E-04  3.83866398E-05
5.83656048E-02  6.31941741E-04  3.83734699E-05
5.84891299E-02  5.81260780E-04  3.82213599E-05
5.86126550E-02  6.35988858E-04  3.80796561E-05
5.87361801E-02  6.41578906E-04  3.83189322E-05
5.88597052E-02  6.12560990E-04  3.80566163E-05
5.89832302E-02  5.68627027E-04  3.79760390E-05
5.91067553E-02  5.80907921E-04  3.78904550E-05
5.92302804E-02  6.12270557E-04  3.79065578E-05
5.93538055E-02  6.24546195E-04  3.80189480E-05
5.94773306E-02  6.05658137E-04  3.77804960E-05
5.96008557E-02  5.63954098E-04  3.77621452E-05
5.97243808E-02  5.78884954E-04  3.78032585E-05
5.98479059E-02  5.88305534E-04  3.76212512E-05
5.99714310E-02  5.39895173E-04  3.77274682E-05
6.00949561E-02  5.59623846E-04  3.75476351E-05
6.02184811E-02  5.90040217E-04  3.76017898E-05
6.03420062E-02  6.01303642E-04  3.76555900E-05
6.04655313E-02  6.07963822E-04  3.74050067E-05
6.05890564E-02  6.47218586E-04  3.75519295E-05
6.07125815E-02  5.99102350E-04  3.73524074E-05
6.08361066E-02  6.18666502E-04  3.76106993E-05
6.09596317E-02  6.14146413E-04  3.73632954E-05
6.10831568E-02  5.96181726E-04  3.72618750E-05
6.12066819E-02  6.30997248E-04  3.73467838E-05
6.13302070E-02  5.65562349E-04  3.72899447E-05
6.14537320E-02  6.38685994E-04  3.72836339E-05
6.15772571E-02  5.92154534E-04  3.71655063E-05
6.17007822E-02  5.42022911E-04  3.70848481E-05
6.18243073E-02  6.14161513E-04  3.71002042E-05
6.19478324E-02  5.58890900E-04  3.69510498E-05
6.20713575E-02  5.69573840E-04  3.70086445E-05
6.21948826E-02  6.27451178E-04  3.68294533E-05
6.23184077E-02  5.74349154E-04  3.69117315E-05
6.24419328E-02  5.41780674E-04  3.67985851E-05
6.25654578E-02  5.69466712E-04  3.66472396E-05
6.26889829E-02  5.70226120E-04  3.67608936E-05
6.28125080E-02  5.64550070E-04  3.64924928E-05
6.29360331E-02  5.69066983E-04  3.68332516E-05
6.30595582E-02  6.34454130E-04  3.65966457E-05
6.31830833E-02  5.26172339E-04  3.64453993E-05
6.33066084E-02  5.37809166E-04  3.64360253E-05
6.34301335E-02  6.31477774E-04  3.64135168E-05
6.35536586E-02  4.92307719E-04  3.65658253E-05
6.36771837E-02  5.82153919E-04  3.62866916E-05
6.38007087E-02  5.60076130E-04  3.63406870E-05
6.39242338E-02  5.50477916E-04  3.63683224E-05
6.40477589E-02  5.41276258E-04  3.60787854E-05
6.41712840E-02  5.57327303E-04  3.63001110E-05
6.42948091E-02  5.08531112E-04  3.61080319E-05
6.44183342E-02  5.70548852E-04  3.61248468E-05
6.45418593E-02  5.65119288E-04  3.63244563E-05
6.46653844E-02  5.75626792E-04  3.60653232E-05
6.47889095E-02  5.76893099E-04  3.60526589E-05
6.49124345E-02  4.97980543E-04  3.58861522E-05
6.50359596E-02  4.77687589E-04  3.60112827E-05
6.51594847E-02  5.06086753E-04  3.60370878E-05
6.52830098E-02  5.15376410E-04  3.59227017E-05
6.54065349E-02  5.68279741E-04  3.59872631E-05
6.55300600E-02  5.33908315E-04  3.57747715E-05
6.56535851E-02  5.15314781E-04  3.58408695E-05
6.57771102E-02  5.14637933E-04  3.58339274E-05
6.59006353E-02  5.82729935E-04  3.57259773E-05
6.60241604E-02  5.37789101E-04  3.57933948E-05
6.61476854E-02  6.16225006E-04  3.57122365E-05
6.62712105E-02  5.02022047E-04  3.55792106E-05
6.63947356E-02  5.56635450E-04  3.56397290E-05
6.65182607E-02  5.53461641E-04  3.55704989E-05
6.66417858E-02  5.78564036E-04  3.55840996E-05
6.67653109E-02  4.86606372E-04  3.54264885E-05
6.68888360E-02  5.46500829E-04  3.55132633E-05
6.70123611E-02  5.19649252E-04  3.53374896E-05
6.71358862E-02  5.15772288E-04  3.54616846E-05
6.72594112E-02  5.55566159E-04  3.53401787E-05
6.73829363E-02  4.94023549E-04  3.53072441E-05
6.75064614E-02  4.89569390E-04  3.53127000E-05
6.76299865E-02  5.36954713E-04  3.51944240E-05
6.77535116E-02  5.01080093E-04  3.53289110E-05
6.78770367E-02  4.54826077E-04  3.50688045E-05
6.80005618E-02  4.99774215E-04  3.51613401E-05
6.81240869E-02  4.50165432E-04  3.51124377E-05
6.82476120E-02  5.47540189E-04  3.50515602E-05
6.83711371E-02  4.87065929E-04  3.50547742E-05
6.84946621E-02  5.27418959E-04  3.49357365E-05
6.86181872E-02  4.70834079E-04  3.50128710E-05
6.87417123E-02  4.71835137E-04  3.49301383E-05
6.88652374E-02  5.05608378E-04  3.48324360E-05
6.89887625E-02  4.67698398E-04  3.48615029E-05
6.91122876E-02  4.94007000E-04  3.46914539E-05
6.92358127E-02  4.96818933E-04  3.48739441E-05
6.93593378E-02  4.65436471E-04  3.47509767E-05
6.94828629E-02  4.67508908E-04  3.46699994E-05
6.96063879E-02  4.83756084E-04  3.47757824E-05
6.97299130E-02  4.68683708E-04  3.45591984E-05
6.98534381E-02  5.02895439E-04  3.46472735E-05
6.99769632E-02  4.81921629E-04  3.44672573E-05
7.01004883E-02  4.73056324E-04  3.45807112E-05
7.02240134E-02  4.64119825E-04  3.44895288E-05
7.03475385E-02  4.80347191E-04  3.43887008E-05
7.04710636E-02  5.20279584E-04  3.45169660E-05
7.05945887E-02  4.62026356E-04  3.43022991E-05
7.07181138E-02  4.40267106E-04  3.43959338E-05
7.08416388E-02  4.73530067E-04  3.43388373E-05
7.09651639E-02  4.97218279E-04  3.42902768E-05
7.10886890E-02  5.25573569E-04  3.43049892E-05
7.12122141E-02  5.25606795E-04  3.40977692E-05
7.13357392E-02  4.71080523E-04  3.42530133E-05
7.14592643E-02  4.94229350E-04  3.41344974E-05
7.15827894E-02  4.35890466E-04  3.40506954E-05
7.17063145E-02  4.68162194E-04  3.41543492E-05
7.18298396E-02  5.01467299E-04  3.39039574E-05
7.19533647E-02  4.30523937E-04  3.41538269E-05
7.20768897E-02  4.62812661E-04  3.39267733E-05
7.22004148E-02  4.66130753E-04  3.39107544E-05
7.23239399E-02  4.26681963E-04  3.39869020E-05
7.24474650E-02  4.84771005E-04  3.37961000E-05
7.25709901E-02  4.59412073E-04  3.40183783E-05
7.26945152E-02  5.06354579E-04  3.38082144E-05
7.28180403E-02  5.04749787E-04  3.37836976E-05
7.29415654E-02  4.56455384E-04  3.38928719E-05
7.30650905E-02  4.95230423E-04  3.36691372E-05
7.31886155E-02  4.74729692E-04  3.38032894E-05
7.33121406E-02  4.37623487E-04  3.36424004E-05
7.34356657E-02  4.28840815E-04  3.36351686E-05
7.35591908E-02  4.75060082E-04  3.37195720E-05
7.36827159E-02  4.64067319E-04  3.35714540E-05
7.38062410E-02  4.50092300E-04  3.36288873E-05
7.39297661E-02  4.37091739E-04  3.34876898E-05
7.40532912E-02  4.13466386E-04  3.36247376E-05
7.41768163E-02  4.33172902E-04  3.34806562E-05
7.43003414E-02  4.30173091E-04  3.34644323E-05
7.44238664E-02  4.62043597E-04  3.35638645E-05
7.45473915E-02  4.46520370E-04  3.32701585E-05
7.46709166E-02  4.31693727E-04  3.34592284E-05
7.47944417E-02  4.24662836E-04  3.32731440E-05
7.49179668E-02  3.92160873E-04  3.33546811E-05
7.50414919E-02  4.16637201E-04  3.32623214E-05
7.51650170E-02  4.61545426E-04  3.32274192E-05
7.52885421E-02  4.58201753E-04  3.32539065E-05
7.54120672E-02  4.10801190E-04  3.31151878E-05
7.55355922E-02  4.36348942E-04  3.32153828E-05
7.56591173E-02  4.01899222E-04  3.30474428E-05
7.57826424E-02  4.53640811E-04  3.31457653E-05
7.59061675E-02  4.46882346E-04  3.30993601E-05
7.60296926E-02  4.01642390E-04  3.30065982E-05
7.61532177E-02  3.67491315E-04  3.30030464E-05
7.62767428E-02  3.96096292E-04  3.29768213E-05
7.64002679E-02  4.49618346E-04  3.30308409E-05
7.65237930E-02  4.74728556E-04  3.29165287E-05
7.66473181E-02  4.40406372E-04  3.28705600E-05
7.67708431E-02  4.07122382E-04  3.29743692E-05
7.68943682E-02  4.41884797E-04  3.27806303E-05
7.70178933E-02  4.33608646E-04  3.30812577E-05
7.71414184E-02  3.83884742E-04  3.31790594E-05
7.72649435E-02  4.58834956E-04  3.32615978E-05
7.73884686E-02  4.33652235E-04  3.33959396E-05
7.75119937E-02  4.55298928E-04  3.33042733E-05
7.76355188E-02  4.38695552E-04  3.35798488E-05
7.77590439E-02  4.17352617E-04  3.33029766E-05
7.78825689E-02  3.59924004E-04  3.35953139E-05
7.80060940E-02  4.50707874E-04  3.36093876E-05
7.81296191E-02  3.83156074E-04  3.34793203E-05
7.82531442E-02  4.42236598E-04  3.36696866E-05
7.83766693E-02  4.31365579E-04  3.34986475E-05
7.85001944E-02  4.04825121E-04  3.37330810E-05
7.86237195E-02  4.24445883E-04  3.37808428E-05
7.87472446E-02  4.38019494E-04  3.34723600E-05
7.88707697E-02  3.90660135E-04  3.37898785E-05
7.89942948E-02  3.47240529E-04  3.36509715E-05
7.91178198E-02  3.81012271E-04  3.37577239E-05
7.92413449E-02  4.28560359E-04  3.37247909E-05
7.93648700E-02  4.53107525E-04  3.36072117E-05
7.94883951E-02  4.23205364E-04  3.38476625E-05
7.96119202E-02  4.28193355E-04  3.36353491E-05
7.97354453E-02  4.01778466E-04  3.38312048E-05
7.98589704E-02  4.37355644E-04  3.37004283E-05
7.99824955E-02  4.22617954E-04  3.37886177E-05
8.01060206E-02  3.99386626E-04  3.37805067E-05
8.02295456E-02  4.59188947E-04  3.37976537E-05
8.03530707E-02  3.66945812E-04  3.38157941E-05
8.04765958E-02  4.63559915E-04  3.37219420E-05
8.06001209E-02  4.28767493E-04  3.38343156E-05
8.07236460E-02  4.09789279E-04  3.38095894E-05
8.08471711E-02  3.25304373E-04  3.37102823E-05
8.09706962E-02  3.91627615E-04  3.38801035E-05
8.10942213E-02  3.84699664E-04  3.37444042E-05
8.12177464E-02  3.83682957E-04  3.38560765E-05
8.13412715E-02  4.38212574E-04  3.37269611E-05
8.14647965E-02  3.77779782E-04  3.37627125E-05
8.15883216E-02  3.68066114E-04  3.39205659E-05
8.17118467E-02  3.94022503E-04  3.37250495E-05
8.18353718E-02  3.71288234E-04  3.38487348E-05
8.19588969E-02  3.70640248E-04  3.36583426E-05
8.20824220E-02  4.12799408E-04  3.38788870E-05
8.22059471E-02  3.89424238E-04  3.37981870E-05
8.23294722E-02  4.03716176E-04  3.36715077E-05
8.24529973E-02  3.64641188E-04  3.38346337E-05
8.25765223E-02  3.86363287E-04  3.36242053E-05
8.27000474E-02  4.07766939E-04  3.37966320E-05
8.28235725E-02  3.95763722E-04  3.37219280E-05
8.29470976E-02  3.36419587E-04  3.35749738E-05
8.30706227E-02  3.62437156E-04  3.36961745E-05
8.31941478E-02  4.00482539E-04  3.35938114E-05
8.33176729E-02  3.44641216E-04  3.36349118E-05
8.34411980E-02  3.15409290E-04  3.36035157E-05
8.35647231E-02  3.62922455E-04  3.34568659E-05
8.36882482E-02  3.47841756E-04  3.36581933E-05
8.38117732E-02  3.29377486E-04  3.34036896E-05
8.39352983E-02  3.61383584E-04  3.36590337E-05
8.40588234E-02  3.52115589E-04  3.33816974E-05
8.41823485E-02  3.35144247E-04  3.35163444E-05
8.43058736E-02  3.14586492E-04  3.35306199E-05
8.44293987E-02  3.60500947E-04  3.33891351E-05
8.46146863E-02  3.52594016E-04  2.36926792E-05
8.47999740E-02  3.52898894E-04  3.34825896E-05
8.49234991E-02  3.77063413E-04  3.34447972E-05
8.50470241E-02  3.42438116E-04  3.33240788E-05
8.51705492E-02  4.00569560E-04  3.35072199E-05
8.52940743E-02  3.34728379E-04  3.33077978E-05
8.54175994E-02  3.52744079E-04  3.34218957E-05
8.55411245E-02  3.53624455E-04  3.33203809E-05
8.56646496E-02  3.77469534E-04  3.31982738E-05
8.57881747E-02  3.38241076E-04  3.34815142E-05
8.59116998E-02  3.38857237E-04  3.32044421E-05
8.60352249E-02  3.54920498E-04  3.34144923E-05
8.61587499E-02  3.61345214E-04  3.31628842E-05
8.62822750E-02  3.60662768E-04  3.32070174E-05
8.64675627E-02  3.37127293E-04  2.34705914E-05
8.66528503E-02  3.39075599E-04  3.32648500E-05
8.67763754E-02  4.05219875E-04  3.30575770E-05
8.68999005E-02  3.48775013E-04  3.32681218E-05
8.70234256E-02  3.53095523E-04  3.31822060E-05
8.71469507E-02  3.57522624E-04  3.30473913E-05
8.72704758E-02  3.54718674E-04  3.32164602E-05
8.73940008E-02  3.45658085E-04  3.30751005E-05
8.75175259E-02  3.70026730E-04  3.32007914E-05
8.76410510E-02  3.30585774E-04  3.31055825E-05
8.77645761E-02  2.82828992E-04  3.30656355E-05
8.79498637E-02  3.49644713E-04  2.33762337E-05
8.81351514E-02  3.57018003E-04  3.31995071E-05
8.82586765E-02  3.30100056E-04  3.30041165E-05
8.83822016E-02  2.87931628E-04  3.30991066E-05
8.85057266E-02  3.10513628E-04  3.30524985E-05
8.86292517E-02  3.15437270E-04  3.29884272E-05
8.87527768E-02  3.06853524E-04  3.31212195E-05
8.88763019E-02  3.40308533E-04  3.29385402E-05
8.89998270E-02  2.85354750E-04  3.30673811E-05
8.91233521E-02  2.84349451E-04  3.29947398E-05
8.93086397E-02  3.30722949E-04  2.33519047E-05
8.94939274E-02  3.35907535E-04  3.29157741E-05
8.96174525E-02  3.55896277E-04  3.30495016E-05
8.97409775E-02  3.56254227E-04  3.29101114E-05
8.98645026E-02  3.09957146E-04  3.29634874E-05
8.99880277E-02  2.95586078E-04  3.29779226E-05
9.01115528E-02  2.89449369E-04  3.29745442E-05
9.02350779E-02  3.00233493E-04  3.30133369E-05
9.04203655E-02  2.86559594E-04  2.32290833E-05
9.06056532E-02  2.85804535E-04  3.28846322E-05
9.07291783E-02  3.27328507E-04  3.29450314E-05
9.08527033E-02  3.26048395E-04  3.29486487E-05
9.09762284E-02  3.31579276E-04  3.27224177E-05
9.10997535E-02  2.81850218E-04  3.29100018E-05
9.12232786E-02  2.92523616E-04  3.28240426E-05
9.14085663E-02  3.43308169E-04  2.32227111E-05
9.15938539E-02  2.90660603E-04  3.28013277E-05
9.17173790E-02  2.82611849E-04  3.28821688E-05
9.18409041E-02  3.40415719E-04  3.27125139E-05
9.19644292E-02  3.30555628E-04  3.27544485E-05
9.20879542E-02  3.77029836E-04  3.28538894E-05
9.22114793E-02  3.10469345E-04  3.26983297E-05
9.23967670E-02  2.89654939E-04  2.31862728E-05
9.25820546E-02  3.39370391E-04  3.26921677E-05
9.27055797E-02  3.12251559E-04  3.27262230E-05
9.28291048E-02  2.80132398E-04  3.26365293E-05
9.29526299E-02  2.92188364E-04  3.27713857E-05
9.30761550E-02  2.72881580E-04  3.25733906E-05
9.32614426E-02  2.96368864E-04  2.31237889E-05
9.34467302E-02  2.73306454E-04  3.26118173E-05
9.35702553E-02  3.59371526E-04  3.26569311E-05
9.36937804E-02  2.76243383E-04  3.25990419E-05
9.38173055E-02  2.54752892E-04  3.27104471E-05
9.39408306E-02  2.93700431E-04  3.25714954E-05
9.41261182E-02  2.76517956E-04  2.30415109E-05
9.43114059E-02  2.97692375E-04  3.25661928E-05
9.44349309E-02  3.13566726E-04  3.26342073E-05
9.45584560E-02  3.03464812E-04  3.24748329E-05
9.46819811E-02  2.62298774E-04  3.25133901E-05
9.48055062E-02  3.11702628E-04  3.26080569E-05
9.49907938E-02  2.68278104E-04  2.30135697E-05
9.51760815E-02  3.04823354E-04  3.23630920E-05
9.52996066E-02  3.41997907E-04  3.25630178E-05
9.54231317E-02  2.54587229E-04  3.24523349E-05
9.55466568E-02  2.82669075E-04  3.24854223E-05
9.57319444E-02  2.95097888E-04  2.29298450E-05
9.59172320E-02  2.44447098E-04  3.25214591E-05
9.60407571E-02  2.91107841E-04  3.23987343E-05
9.61642822E-02  3.24132305E-04  3.24508343E-05
9.62878073E-02  2.09161485E-04  3.24867264E-05
9.64730949E-02  2.90958937E-04  2.32352088E-05
9.66583826E-02  3.25967839E-04  3.29679331E-05
9.67819076E-02  2.91254200E-04  3.30540796E-05
9.69054327E-02  2.96875367E-04  3.31153938E-05
9.70289578E-02  3.16888852E-04  3.32299644E-05
9.72142455E-02  2.68956685E-04  2.35401401E-05
9.73995331E-02  3.22888568E-04  3.34541459E-05
9.75230582E-02  3.08907416E-04  3.33787797E-05
9.76465833E-02  2.60603521E-04  3.35327397E-05
9.78318709E-02  2.38787060E-04  2.37161404E-05
9.80171585E-02  2.89863985E-04  3.37436639E-05
9.81406836E-02  2.89411106E-04  3.35788819E-05
9.82642087E-02  2.73599154E-04  3.36828609E-05
9.83877338E-02  3.06994789E-04  3.37860169E-05
9.85730214E-02  2.71526287E-04  2.39252809E-05
9.87583091E-02  2.54332653E-04  3.38373530E-05
9.88818342E-02  2.88702387E-04  3.38466280E-05
9.90053593E-02  2.64630736E-04  3.38863252E-05
9.91906469E-02  3.06536806E-04  2.40522707E-05
9.93759345E-02  2.49080113E-04  3.39196418E-05
9.94994596E-02  2.88921386E-04  3.40364012E-05
9.96229847E-02  2.72386598E-04  3.40401263E-05
9.98082723E-02  2.73213235E-04  2.41342974E-05
9.99935600E-02  2.02583759E-04  3.40213215E-05
1.00117085E-01  2.16712612E-04  3.42087036E-05
1.00240610E-01  2.50367443E-04  3.41838032E-05
1.00425898E-01  2.43129223E-04  2.41767881E-05
1.00611185E-01  2.75361157E-04  3.42172376E-05
1.00734711E-01  2.77160546E-04  3.43739667E-05
1.00858236E-01  2.52311482E-04  3.43892341E-05
1.01043523E-01  2.77661670E-04  2.42476032E-05
1.01228811E-01  2.55179163E-04  3.39007585E-05
1.01352336E-01  2.56658142E-04  3.38285052E-05
1.01475861E-01  2.50606090E-04  3.37669721E-05
1.01661149E-01  2.48897728E-04  2.37413413E-05
1.01846436E-01  2.36410895E-04  3.35346693E-05
1.01969961E-01  2.66656692E-04  3.35173426E-05
1.02155249E-01  2.34011615E-04  2.35795931E-05
1.02340537E-01  2.46598987E-04  3.32280729E-05
1.02464062E-01  2.28421029E-04  3.32132261E-05
1.02587587E-01  2.92263765E-04  3.31712204E-05
1.02772874E-01  2.14376309E-04  2.34576125E-05
1.02958162E-01  2.56883904E-04  3.34675258E-05
1.03081687E-01  2.57310975E-04  3.35283660E-05
1.03266975E-01  2.31342059E-04  2.37800346E-05
1.03452262E-01  3.10306828E-04  3.39042000E-05
1.03575788E-01  2.58797123E-04  3.38663264E-05
1.03699313E-01  2.79735056E-04  3.38725353E-05
1.03884600E-01  2.22240404E-04  2.39856613E-05
1.04069888E-01  2.37125062E-04  3.41529605E-05
1.04193413E-01  2.39542877E-04  3.39341980E-05
1.04378701E-01  2.34971126E-04  2.41547726E-05
1.04563988E-01  2.79334639E-04  3.42170545E-05
1.04687513E-01  2.68017179E-04  3.40945318E-05
1.04872801E-01  2.80358663E-04  2.42493549E-05
1.05058089E-01  2.66020893E-04  3.43354282E-05
1.05181614E-01  3.03641559E-04  3.42963843E-05
1.05366901E-01  2.65497976E-04  2.42205615E-05
1.05552189E-01  2.66379282E-04  3.44939238E-05
1.05675714E-01  2.47794626E-04  3.44554890E-05
1.05799239E-01  2.57956978E-04  3.45031521E-05
1.05984527E-01  2.47386588E-04  2.43108686E-05
1.06169814E-01  2.47101062E-04  3.46519491E-05
1.06293340E-01  2.24766497E-04  3.43646271E-05
1.06478627E-01  2.61361651E-04  2.44359384E-05
1.06663915E-01  2.46007793E-04  3.45836733E-05
1.06787440E-01  2.94972853E-04  3.45435073E-05
1.06972728E-01  2.60254868E-04  2.44373879E-05
1.07158015E-01  1.77029385E-04  3.47215808E-05
1.07281540E-01  2.91778968E-04  3.47261973E-05
1.07466828E-01  2.31015099E-04  2.44778106E-05
1.07652116E-01  1.79885655E-04  3.46778678E-05
1.07775641E-01  2.39147834E-04  3.48117104E-05
1.07960928E-01  2.09194569E-04  2.44873806E-05
1.08146216E-01  2.16186014E-04  3.48565007E-05
1.08331504E-01  1.82026120E-04  2.45465735E-05
1.08516791E-01  1.73119324E-04  3.46664804E-05
1.08640316E-01  2.33066397E-04  3.48138668E-05
1.08825604E-01  1.76976470E-04  2.45940802E-05
1.09010892E-01  2.80060871E-04  3.46025342E-05
1.09134417E-01  2.31466955E-04  3.48368139E-05
1.09319704E-01  1.91568985E-04  2.45724120E-05
1.09504992E-01  1.69165426E-04  3.46307033E-05
1.09628517E-01  2.12299236E-04  3.48077649E-05
1.09813805E-01  2.19800484E-04  2.46263240E-05
1.09999092E-01  1.80891839E-04  3.46906195E-05
1.10184380E-01  2.15849748E-04  2.46099057E-05
1.10369667E-01  2.04393449E-04  3.48986604E-05
1.10493193E-01  2.02250238E-04  3.47416751E-05
1.10678480E-01  1.74189868E-04  2.46027907E-05
1.10863768E-01  2.13401819E-04  3.48743176E-05
1.10987293E-01  2.11069508E-04  3.48473590E-05
1.11172581E-01  1.78944914E-04  2.46048473E-05
1.11357868E-01  2.43194674E-04  3.49369069E-05
1.11543156E-01  1.73797425E-04  2.46285181E-05
1.11728443E-01  2.56840046E-04  3.48623663E-05
1.11851969E-01  1.61626871E-04  3.48521490E-05
1.12037256E-01  1.88231637E-04  2.46714629E-05
1.12222544E-01  1.93836113E-04  3.47833164E-05
1.12407831E-01  2.25312520E-04  2.47323879E-05
1.12593119E-01  1.14072223E-04  3.49194397E-05
1.12716644E-01  1.86030912E-04  3.48247033E-05
1.12901932E-01  1.52852385E-04  2.47600438E-05
1.13087219E-01  1.70423107E-04  3.49240537E-05
1.13272507E-01  1.91734166E-04  2.46786355E-05
1.13457795E-01  1.69007130E-04  3.50544360E-05
1.13643082E-01  1.69467974E-04  2.47734475E-05
1.13828370E-01  1.81551936E-04  3.50979625E-05
1.13951895E-01  2.02787570E-04  3.49801956E-05
1.14137183E-01  1.88407421E-04  2.47760977E-05
1.14322470E-01  1.66515094E-04  3.50314762E-05
1.14507758E-01  2.06011303E-04  2.48139514E-05
1.14693046E-01  1.94501453E-04  3.49430387E-05
1.14878333E-01  1.99962984E-04  2.47485558E-05
1.15063621E-01  1.77185857E-04  3.50865091E-05
1.15187146E-01  1.89829730E-04  3.49619478E-05
1.15372434E-01  1.80698156E-04  2.47185048E-05
1.15557721E-01  1.74146351E-04  3.49281725E-05
1.15743009E-01  1.47266927E-04  2.47734806E-05
1.15928297E-01  2.11847660E-04  3.50061813E-05
1.16113584E-01  1.63325227E-04  2.47547802E-05
1.16298872E-01  1.96170792E-04  3.52552530E-05
1.16484159E-01  2.12874015E-04  2.50592421E-05
1.16669447E-01  1.77906590E-04  3.55859873E-05
1.16792972E-01  2.22598450E-04  3.56255912E-05
1.16978260E-01  2.34496491E-04  2.52344530E-05
1.17163547E-01  1.64824002E-04  3.56695068E-05
1.17348835E-01  2.04386207E-04  2.53544586E-05
1.17534123E-01  1.68881850E-04  3.58350896E-05
1.17719410E-01  2.00468027E-04  2.54386296E-05
1.17904698E-01  1.45004112E-04  3.60778127E-05
1.18089986E-01  2.08716363E-04  2.54954190E-05
1.18275273E-01  2.35961529E-04  3.62228893E-05
1.18460561E-01  1.94517027E-04  2.55905979E-05
1.18645848E-01  2.34593462E-04  3.62829518E-05
1.18831136E-01  1.80584701E-04  2.55803625E-05
1.19016424E-01  1.80636682E-04  3.61182399E-05
1.19201711E-01  1.69216721E-04  2.55972136E-05
1.19386999E-01  1.50938976E-04  3.62612930E-05
1.19572287E-01  1.50619046E-04  2.55500607E-05
1.19757574E-01  1.81945187E-04  3.61720844E-05
1.19942862E-01  1.62991239E-04  2.55849290E-05
1.20128150E-01  2.10107993E-04  3.62719206E-05
1.20313437E-01  1.70179347E-04  2.54814040E-05
1.20498725E-01  2.21638009E-04  3.61243303E-05
1.20684012E-01  1.51743470E-04  2.55648226E-05
1.20869300E-01  1.49357385E-04  3.61340708E-05
1.21054588E-01  1.96113224E-04  2.55271417E-05
1.21239875E-01  1.37061436E-04  3.59696507E-05
1.21425163E-01  1.35787930E-04  2.55510360E-05
1.21610451E-01  1.72173856E-04  3.60291228E-05
1.21795738E-01  1.33174995E-04  2.54846441E-05
1.21981026E-01  1.55080540E-04  3.59757528E-05
1.22166314E-01  1.58619746E-04  2.55114556E-05
1.22351601E-01  1.86260820E-04  3.59593915E-05
1.22536889E-01  1.61898603E-04  2.54274893E-05
1.22722176E-01  2.16193277E-04  3.60993530E-05
1.22907464E-01  1.38649332E-04  2.54297275E-05
1.23092752E-01  1.06994055E-04  3.59622301E-05
1.23278039E-01  1.65949214E-04  2.54398267E-05
1.23525090E-01  1.25336963E-04  2.53647617E-05
1.23710377E-01  1.69828838E-04  3.59307286E-05
1.23895665E-01  1.51401167E-04  2.53512241E-05
1.24080952E-01  1.73064209E-04  3.58073500E-05
1.24266240E-01  1.50862529E-04  2.53236724E-05
1.24451528E-01  2.07350678E-04  3.58112168E-05
1.24636815E-01  1.67535681E-04  2.52642720E-05
1.24822103E-01  1.49355416E-04  3.58464177E-05
1.25007391E-01  1.75349292E-04  2.52453197E-05
1.25254441E-01  1.84120045E-04  2.51806077E-05
1.25439728E-01  1.49056735E-04  3.56811658E-05
1.25625016E-01  1.38542894E-04  2.51707246E-05
1.25810304E-01  1.31896927E-04  3.55100300E-05
1.25995591E-01  1.54477536E-04  2.51398260E-05
1.26180879E-01  1.48988745E-04  3.54424771E-05
1.26366167E-01  1.60417959E-04  2.51043699E-05
1.26613217E-01  1.77101309E-04  2.50883236E-05
1.26798504E-01  1.40539552E-04  3.52912087E-05
1.26983792E-01  1.65358016E-04  2.50254817E-05
1.27169080E-01  1.87745384E-04  3.54800951E-05
1.27354367E-01  1.33757457E-04  2.49711124E-05
1.27539655E-01  2.15467428E-04  3.54300053E-05
1.27724943E-01  1.55117886E-04  2.49930799E-05
1.27971993E-01  1.55742140E-04  2.49892943E-05
1.28157280E-01  5.89495878E-05  3.53759602E-05
1.28342568E-01  1.30900965E-04  2.49756091E-05
1.28527856E-01  1.74632307E-04  3.52752948E-05
1.28713143E-01  1.01267450E-04  2.49779862E-05
1.28960193E-01  1.33418229E-04  2.49184981E-05
1.29145481E-01  1.08896962E-04  3.52371685E-05
1.29330769E-01  1.02232275E-04  2.49489288E-05
1.29577819E-01  1.15958621E-04  2.49320565E-05
1.29763107E-01  1.96331799E-04  3.52339057E-05
1.29948394E-01  1.53806810E-04  2.48916281E-05
1.30133682E-01  1.96960788E-04  3.51754063E-05
1.30318969E-01  1.43304933E-04  2.49347649E-05
1.30566020E-01  1.73117143E-04  2.48734512E-05
1.30751307E-01  1.55306760E-04  3.52702876E-05
1.30936595E-01  1.27073345E-04  2.48581940E-05
1.31183645E-01  1.19179298E-04  2.48653177E-05
1.31368933E-01  1.36255959E-04  3.51898479E-05
1.31554220E-01  1.43330456E-04  2.48261942E-05
1.31801271E-01  1.20650754E-04  2.48046894E-05
1.31986558E-01  1.54602804E-04  3.51640951E-05
1.32171846E-01  1.76896388E-04  2.48295668E-05
1.32357133E-01  1.41651487E-04  3.50587491E-05
1.32542421E-01  1.70785754E-04  2.48064675E-05
1.32789471E-01  1.80001689E-04  2.47788996E-05
1.32974759E-01  7.41552385E-05  3.49297410E-05
1.33160047E-01  1.33685493E-04  2.47672603E-05
1.33407097E-01  1.40529527E-04  2.47500505E-05
1.33592384E-01  1.07930800E-04  3.48741462E-05
1.33777672E-01  1.43506848E-04  2.47831486E-05
1.34024722E-01  1.47605707E-04  2.47360011E-05
1.34210010E-01  1.36163914E-04  3.48000572E-05
1.34395297E-01  1.33112070E-04  2.47840309E-05
1.34642348E-01  1.52858846E-04  2.47135906E-05
1.34889398E-01  9.56015693E-05  2.46714511E-05
1.35074685E-01  1.32696676E-04  3.48662507E-05
1.35259973E-01  1.52540541E-04  2.47041562E-05
1.35507023E-01  1.52505689E-04  2.46878246E-05
1.35692311E-01  8.97693592E-05  3.47305202E-05
1.35877598E-01  1.27169650E-04  2.47044822E-05
1.36124649E-01  1.09213119E-04  2.46534862E-05
1.36309936E-01  1.68040551E-04  3.47096469E-05
1.36495224E-01  1.48615398E-04  2.46821934E-05
1.36742274E-01  1.62578787E-04  2.46425452E-05
1.36989324E-01  1.24051361E-04  2.45882340E-05
1.37174612E-01  5.15700912E-05  3.47603812E-05
1.37359900E-01  1.15099617E-04  2.45951774E-05
1.37606950E-01  1.42765373E-04  2.45996322E-05
1.37792237E-01  1.11540129E-04  3.47642025E-05
1.37977525E-01  9.29741141E-05  2.45507819E-05
1.38224575E-01  1.45678942E-04  2.45896129E-05
1.38471625E-01  1.26692998E-04  2.45185247E-05
1.38656913E-01  1.18993653E-04  3.47651233E-05
1.38842201E-01  1.44990501E-04  2.45693882E-05
1.39089251E-01  8.60993317E-05  2.45082378E-05
1.39274538E-01  1.41743476E-04  3.47134733E-05
1.39459826E-01  1.01050948E-04  2.45288802E-05
1.39706876E-01  1.38453086E-04  2.45267589E-05
1.39953926E-01  9.78178794E-05  2.44672212E-05
1.40139214E-01  9.79386848E-05  3.46137174E-05
1.40324502E-01  1.43384829E-04  2.44839344E-05
1.40571552E-01  7.94844477E-05  2.44437075E-05
1.40818602E-01  1.11845283E-04  2.44830732E-05
1.41065652E-01  1.41366056E-04  2.44197373E-05
1.41250940E-01  6.32938961E-05  3.45757216E-05
1.41436228E-01  1.10496698E-04  2.44443357E-05
1.41683278E-01  1.16306903E-04  2.44052473E-05
1.41930328E-01  1.12584890E-04  2.44220497E-05
1.42115616E-01  8.32292829E-05  3.45482620E-05
1.42300903E-01  1.36524489E-04  2.44041951E-05
1.42547953E-01  6.43758119E-05  2.44025979E-05
1.42795003E-01  1.17637206E-04  2.43575304E-05
1.42980291E-01  1.90427830E-04  3.45913962E-05
1.43165579E-01  8.97474314E-05  2.43507239E-05
1.43412629E-01  1.09076275E-04  2.43290015E-05
1.43659679E-01  1.07303633E-04  2.43745247E-05
1.43906729E-01  1.46130888E-04  2.43691778E-05
1.44092017E-01  8.28086270E-05  3.43554313E-05
1.44277305E-01  1.26379573E-04  2.43060533E-05
1.44524355E-01  1.10504219E-04  2.43645297E-05
1.44771405E-01  1.06802069E-04  2.42779440E-05
1.45018455E-01  1.23330333E-04  2.42904961E-05
1.45203743E-01  1.00695173E-04  3.44297192E-05
1.45389030E-01  1.23227961E-04  2.42480382E-05
1.45636081E-01  1.17094296E-04  2.42816326E-05
1.45883131E-01  1.21591322E-04  2.42046649E-05
1.46130181E-01  1.23954841E-04  2.42894304E-05
1.46377231E-01  6.25140596E-05  2.42334823E-05
1.46562519E-01  6.87899357E-05  3.41800136E-05
1.46747806E-01  1.61217667E-04  2.42468258E-05
1.46994857E-01  1.13008078E-04  2.41649966E-05
1.47241907E-01  8.21706967E-05  2.42306819E-05
1.47488957E-01  1.17689255E-04  2.40686003E-05
1.47736007E-01  1.24953157E-04  2.42078915E-05
1.47921295E-01  8.73023291E-05  3.41805244E-05
1.48106582E-01  1.25020241E-04  2.41055175E-05
1.48353633E-01  9.83881732E-05  2.41534510E-05
1.48600683E-01  8.75738883E-05  2.40919044E-05
1.48847733E-01  8.87204813E-05  2.41251567E-05
1.49094783E-01  8.97082147E-05  2.41205984E-05
1.49341833E-01  8.65788922E-05  2.41374573E-05
1.49527121E-01  9.96192275E-05  3.39702069E-05
1.49712409E-01  9.02716327E-05  2.40662830E-05
1.49959459E-01  9.33033382E-05  2.41239017E-05
1.50206509E-01  1.06091345E-04  2.40377857E-05
1.50453559E-01  9.57323961E-05  2.40770044E-05
1.50700609E-01  6.18965510E-05  2.40165330E-05
1.50947659E-01  1.34408654E-04  2.41096371E-05
1.51194710E-01  1.12911850E-04  2.40158835E-05
1.51441760E-01  1.01687435E-04  2.40262162E-05
1.51627047E-01  5.92799729E-05  3.39363157E-05
1.51812335E-01  8.89090115E-05  2.40156958E-05
1.52059385E-01  1.21253623E-04  2.40159965E-05
1.52306435E-01  1.18554207E-04  2.39689745E-05
1.52553486E-01  7.70483824E-05  2.40074662E-05
1.52800536E-01  1.31690269E-04  2.39256220E-05
1.53047586E-01  7.86984436E-05  2.40103770E-05
1.53294636E-01  7.53097702E-05  2.39794295E-05
1.53541686E-01  1.28867114E-04  2.39070437E-05
1.53788736E-01  9.32078744E-05  2.39078763E-05
1.54035787E-01  8.83629192E-05  2.39151153E-05
1.54221074E-01  5.47501933E-05  3.38774884E-05
1.54406362E-01  2.42543005E-05  2.38807929E-05
1.54653412E-01  9.53931072E-05  2.39147832E-05
1.54900462E-01  8.10773626E-05  2.38683612E-05
1.55147512E-01  9.10664234E-05  2.38681977E-05
1.55394563E-01  7.60034690E-05  2.38863772E-05
1.55641613E-01  7.76726785E-05  2.38634600E-05
1.55888663E-01  9.06005951E-05  2.38276455E-05
1.56135713E-01  1.28449034E-04  2.38022083E-05
1.56382763E-01  8.68553777E-05  2.38201483E-05
1.56629814E-01  7.45668863E-05  2.38150829E-05
1.56876864E-01  9.43472802E-05  2.38460903E-05
1.57123914E-01  1.09744151E-04  2.37696430E-05
1.57370964E-01  8.40761056E-05  2.37906318E-05
1.57618014E-01  9.99030737E-05  2.37620427E-05
1.57865064E-01  8.33550982E-05  2.37585815E-05
1.58112115E-01  6.16630668E-05  2.37809381E-05
1.58359165E-01  9.95169249E-05  2.37185756E-05
1.58606215E-01  7.32378890E-05  2.37187832E-05
1.58853265E-01  1.02300160E-04  2.37202606E-05
1.59100315E-01  8.88417796E-05  2.37015713E-05
1.59347365E-01  7.33096971E-05  2.37408036E-05
1.59594416E-01  5.76018693E-05  2.36917144E-05
1.59841466E-01  8.93854343E-05  2.36596783E-05
1.60088516E-01  8.65409151E-05  2.36962151E-05
1.60335566E-01  4.91247095E-05  2.36227980E-05
1.60582616E-01  6.59900717E-05  2.36800002E-05
1.60829667E-01  8.21962519E-05  2.36742910E-05
1.61076717E-01  1.08257538E-04  2.36053671E-05
1.61323767E-01  3.79983496E-05  2.36465868E-05
1.61570817E-01  6.83992780E-05  2.35926375E-05
1.61817867E-01  7.52924813E-05  2.35975160E-05
1.62064917E-01  9.94682890E-05  2.35932307E-05
1.62311968E-01  5.85890953E-05  2.36168139E-05
1.62559018E-01  8.04738415E-05  2.35883497E-05
1.62806068E-01  8.47136024E-05  2.35502358E-05
1.63053118E-01  9.92775702E-05  2.35591234E-05
1.63300168E-01  1.05550826E-04  2.35749696E-05
1.63547219E-01  5.52857038E-05  2.35107991E-05
1.63794269E-01  9.87731739E-05  2.35657036E-05
1.64041319E-01  1.08439891E-04  2.35350025E-05
1.64288369E-01  6.33407802E-05  2.35064287E-05
1.64535419E-01  8.41446879E-05  2.39168611E-05
1.64782469E-01  6.97439858E-05  2.41524677E-05
1.65029520E-01  6.84037419E-05  2.43458395E-05
1.65276570E-01  6.32480798E-05  2.44917818E-05
1.65523620E-01  7.20995527E-05  2.46158176E-05
1.65770670E-01  2.34344942E-05  2.46695173E-05
1.66079483E-01  8.00490294E-05  2.03108896E-05
1.66388296E-01  6.80308163E-05  2.49402748E-05
1.66635346E-01  1.15560922E-04  2.50717276E-05
1.66882396E-01  8.71463502E-05  2.51652157E-05
1.67129446E-01  5.88019989E-05  2.52682404E-05
1.67376496E-01  4.75937485E-05  2.52554269E-05
1.67623546E-01  3.24360978E-05  2.54222436E-05
1.67870597E-01  3.29856151E-05  2.54364080E-05
1.68117647E-01  8.90118006E-05  2.55888021E-05
1.68364697E-01  5.14273933E-05  2.55507266E-05
1.68611747E-01  1.03333231E-04  2.57539690E-05
1.68920560E-01  6.19951229E-05  2.09934418E-05
1.69229373E-01  7.55655435E-05  2.57612334E-05
1.69476423E-01  1.00186140E-04  2.51992697E-05
1.69723473E-01  7.55486159E-05  2.50830175E-05
1.69970523E-01  5.07735278E-05  2.49024116E-05
1.70217573E-01  6.79885519E-05  2.48297125E-05
1.70464624E-01  4.92038382E-05  2.47008635E-05
1.70711674E-01  7.83842266E-05  2.46709931E-05
1.71020486E-01  7.47789875E-05  2.00412176E-05
1.71329299E-01  5.55038035E-05  2.45625702E-05
1.71576349E-01  2.10033103E-05  2.43813857E-05
1.71823400E-01  6.82126586E-05  2.44018004E-05
1.72070450E-01  7.89635269E-05  2.42828300E-05
1.72317500E-01  3.89014339E-05  2.42945660E-05
1.72564550E-01  9.55459116E-05  2.42092882E-05
1.72873363E-01  3.72358020E-05  1.97419400E-05
1.73182176E-01  8.27069715E-05  2.41320483E-05
1.73429226E-01  6.60925847E-05  2.41366232E-05
1.73676276E-01  5.87993382E-05  2.39995393E-05
1.73923326E-01  6.56491097E-05  2.40743120E-05
1.74170376E-01  5.08480400E-05  2.39945728E-05
1.74479189E-01  5.45645036E-05  1.95841200E-05
1.74788002E-01  6.38590869E-05  2.39121770E-05
1.75035052E-01  2.60944703E-05  2.39480277E-05
1.75282102E-01  8.87694897E-05  2.38814066E-05
1.75529152E-01  5.14368880E-05  2.39500206E-05
1.75837965E-01  7.24397824E-05  1.94396535E-05
1.76146778E-01  1.29049355E-05  2.39043733E-05
1.76393828E-01  8.50044239E-05  2.37576036E-05
1.76640878E-01  5.32222189E-05  2.37947673E-05
1.76887928E-01  9.56293019E-05  2.37886652E-05
1.77196741E-01  4.70610175E-05  1.94317593E-05
1.77505554E-01  7.40370071E-05  2.37326796E-05
1.77752604E-01  6.88766418E-05  2.37875698E-05
1.77999654E-01  1.20462622E-04  2.36980798E-05
1.78246704E-01  4.51127244E-05  2.37768137E-05
1.78555517E-01  6.23061300E-05  1.93065766E-05
1.78864330E-01  6.77024849E-05  2.39089149E-05
1.79111380E-01  5.68411393E-05  2.42390048E-05
1.79358430E-01  6.05301771E-05  2.44899023E-05
1.79667243E-01  1.04041107E-04  2.01088764E-05
1.79976055E-01  4.05780923E-05  2.47838252E-05
1.80223106E-01  6.38116745E-05  2.49505079E-05
1.80470156E-01  8.77829831E-05  2.48314477E-05
1.80778969E-01  5.68145790E-05  1.99823316E-05
1.81087781E-01  6.09208476E-05  2.42507314E-05
1.81334831E-01  7.80841849E-05  2.41325216E-05
1.81581882E-01  1.66939475E-05  2.40553619E-05
1.81890694E-01  4.40493558E-05  1.95057795E-05
1.82199507E-01  5.58636697E-05  2.37697947E-05
1.82446557E-01  8.97577755E-05  2.37571852E-05
1.82755370E-01  9.50563913E-05  1.92583325E-05
1.83064183E-01  8.12431829E-05  2.36294343E-05
1.83311233E-01  8.16047818E-05  2.35136829E-05
1.83558283E-01  5.67725490E-05  2.35162484E-05
1.83867096E-01  4.96805753E-05  1.91731728E-05
1.84175908E-01  5.89073122E-05  2.34795484E-05
1.84422959E-01  1.37275856E-05  2.34379911E-05
1.84731771E-01  5.39538579E-05  1.91665901E-05
1.85040584E-01  8.96968606E-05  2.34172694E-05
1.85287634E-01  8.31019117E-05  2.33607837E-05
1.85596447E-01  5.53722194E-05  1.90539380E-05
1.85905260E-01  1.95339964E-05  2.32761257E-05
1.86152310E-01  6.26076944E-05  2.32612732E-05
1.86461123E-01  7.09408958E-05  1.89919827E-05
1.86769935E-01  2.73921126E-05  2.32050239E-05
1.87016986E-01  8.54899256E-05  2.32216331E-05
1.87325798E-01  5.47651159E-05  1.89240658E-05
1.87634611E-01  2.24048561E-05  2.31864599E-05
1.87881661E-01  6.23418099E-05  2.32000953E-05
1.88190474E-01  2.66472531E-05  1.88660862E-05
1.88499287E-01  5.05972943E-05  2.31434139E-05
1.88746337E-01  3.24693412E-05  2.31234076E-05
1.89055150E-01  5.90131586E-05  1.88293450E-05
1.89363962E-01  5.42514957E-05  2.30844726E-05
1.89611012E-01  5.64666898E-05  2.30224850E-05
1.89919825E-01  5.38457003E-05  1.88219857E-05
1.90228638E-01  7.16145728E-05  2.30179965E-05
1.90537451E-01  3.47459625E-05  1.87767497E-05
1.90846263E-01  6.79735881E-05  2.30140567E-05
1.91093314E-01  5.77958461E-05  2.29729089E-05
1.91402126E-01  4.45308153E-05  1.87528042E-05
1.91710939E-01  4.01474728E-05  2.29625336E-05
1.91957989E-01  1.82822796E-06  2.29006235E-05
1.92266802E-01  8.07951183E-05  1.87337708E-05
1.92575615E-01  7.08938143E-05  2.28817687E-05
1.92884427E-01  5.19127671E-05  1.87012740E-05
1.93193240E-01  4.07921231E-05  2.28665974E-05
1.93502053E-01  4.96009600E-05  1.86485163E-05
1.93810865E-01  8.26428885E-05  2.28503731E-05
1.94057916E-01  4.74314045E-05  2.28062664E-05
1.94366728E-01  7.49838410E-05  1.86354592E-05
1.94675541E-01  7.19784004E-05  2.28015081E-05
1.94984354E-01  6.68705901E-05  1.86111633E-05
1.95293167E-01  2.80556847E-05  2.27762008E-05
1.95601979E-01  3.69039461E-05  1.85865044E-05
1.95910792E-01  5.28659688E-05  2.27624615E-05
1.96157842E-01  2.73639127E-05  2.27133586E-05
1.96466655E-01  4.48006837E-05  1.85636573E-05
1.96775468E-01  4.23159177E-05  2.26690727E-05
1.97084280E-01  4.97677385E-05  1.85361007E-05
1.97393093E-01  1.78437889E-05  2.26539463E-05
1.97701906E-01  4.72111809E-05  1.85169322E-05
1.98010719E-01  1.45761794E-05  2.26704000E-05
1.98319531E-01  5.19950724E-05  1.84692871E-05
1.98628344E-01  5.37694785E-05  2.26520969E-05
1.98937157E-01  5.32222087E-05  1.84617932E-05
1.99245969E-01  4.68894213E-05  2.25875765E-05
1.99554782E-01  3.86177659E-05  1.84407961E-05
1.99863595E-01  5.59448987E-05  2.25738820E-05
2.00172408E-01  6.91108406E-05  1.84097470E-05
2.00481220E-01  5.04316168E-05  2.25334907E-05
2.00790033E-01  3.58402237E-05  1.83810846E-05
2.01098846E-01  5.88092246E-05  2.24912072E-05
2.01407658E-01  5.26876456E-05  1.83488278E-05
2.01716471E-01  4.95482188E-05  2.24998909E-05
2.02025284E-01  2.97541741E-05  1.83186166E-05
2.02334097E-01  4.09529528E-05  2.24856987E-05
2.02642909E-01  1.80887208E-05  1.82965917E-05
2.02951722E-01  6.44606072E-05  2.24695611E-05
2.03260535E-01  3.09258860E-05  1.82899363E-05
2.03569348E-01  7.01023362E-05  2.23453480E-05
2.03878160E-01  4.11460936E-05  1.82787437E-05
2.04186973E-01  4.97968225E-05  2.22902283E-05
2.04495786E-01  4.32851467E-05  1.81951482E-05
2.04866361E-01  4.62863487E-05  1.81962532E-05
2.05175174E-01  1.74157048E-05  2.22454710E-05
2.05483986E-01  1.64345356E-05  1.81860433E-05
2.05792799E-01  4.75260012E-05  2.22000122E-05
2.06101612E-01  4.95087034E-05  1.82051529E-05
2.06410425E-01  1.96728165E-05  2.22451681E-05
2.06719237E-01  4.07100880E-05  1.81548289E-05
2.07089813E-01  4.07554402E-05  1.81567528E-05
2.07398625E-01  4.75719459E-05  2.21598745E-05
2.07707438E-01  2.82948569E-05  1.81069889E-05
2.08016251E-01  3.95143629E-06  2.21740442E-05
2.08325063E-01  6.49307437E-05  1.80614041E-05
2.08695639E-01  3.83788377E-05  1.80603197E-05
2.09004451E-01  6.73245912E-05  2.21045577E-05
2.09313264E-01  2.85206727E-05  1.80631913E-05
2.09622077E-01  4.95981152E-05  2.20753624E-05
2.09930890E-01  3.10598477E-05  1.80143795E-05
2.10301465E-01  5.43218909E-05  1.80390790E-05
2.10610278E-01  4.70200441E-05  2.20160772E-05
2.10919090E-01  3.77270554E-05  1.80246233E-05
2.11289666E-01  3.62746653E-05  1.79728416E-05
2.11598478E-01  5.41845834E-05  2.20174952E-05
2.11907291E-01  2.73546953E-05  1.79606559E-05
2.12277866E-01  4.40070020E-05  1.79367091E-05
2.12586679E-01  3.87909324E-05  2.19660584E-05
2.12895492E-01  2.57840958E-05  1.79281959E-05
2.13266067E-01  3.36808174E-05  1.79385869E-05
2.13574880E-01  6.37829223E-05  2.19072075E-05
2.13883693E-01  2.12375203E-05  1.79040587E-05
2.14254268E-01  3.57724737E-05  1.79153774E-05
2.14563081E-01  1.46056381E-05  2.18840046E-05
2.14871893E-01  3.27481770E-05  1.78789191E-05
2.15242469E-01  4.43008204E-05  1.78663463E-05
2.15551281E-01  6.00117660E-05  2.18840762E-05
2.15860094E-01  5.85556619E-05  1.78468220E-05
2.16230669E-01  2.15755358E-05  1.78437789E-05
2.16539482E-01  2.00722656E-05  2.18502284E-05
2.16848295E-01  9.17024300E-05  1.78345091E-05
2.17218870E-01  4.68295753E-05  1.78297285E-05
2.17589445E-01  3.75158164E-05  1.77924007E-05
2.17898258E-01  3.99518903E-05  2.18261119E-05
2.18207071E-01  3.51603271E-05  1.77845012E-05
2.18577646E-01  3.91101411E-05  1.77634923E-05
2.18886459E-01  5.75194890E-05  2.17653760E-05
2.19195271E-01  3.93968183E-05  1.77540526E-05
2.19565847E-01  1.96981693E-05  1.77561406E-05
2.19936422E-01  6.95988589E-05  1.77621220E-05
2.20245235E-01  3.45393100E-05  2.16624936E-05
2.20554047E-01  8.08577471E-06  1.77526086E-05
2.20924623E-01  3.50163736E-05  1.76782296E-05
2.21295198E-01  3.33447384E-05  1.76993469E-05
2.21604011E-01  4.99299856E-05  2.16839635E-05
2.21912823E-01  3.50553360E-05  1.76736025E-05
2.22283399E-01  4.08727119E-05  1.76798369E-05
2.22653974E-01  5.23588406E-05  1.76763684E-05
2.23024549E-01  1.85646652E-05  1.76527575E-05
2.23333362E-01  4.80692721E-05  2.16081305E-05
2.23642175E-01  4.33324622E-05  1.76409742E-05
2.24012750E-01  3.98823403E-05  1.76185990E-05
2.24383325E-01  3.77265051E-05  1.76205555E-05
2.24753900E-01  4.89900702E-05  1.76163348E-05
2.25062713E-01  8.39910550E-05  2.15314008E-05
2.25371526E-01  4.90605660E-05  1.76119710E-05
2.25742101E-01  3.40886960E-05  1.75569182E-05
2.26112676E-01  4.02766772E-05  1.75757044E-05
2.26483252E-01  6.28772374E-06  1.75484262E-05
2.26792064E-01  2.99300709E-05  2.14738333E-05
2.27100877E-01  3.36983198E-05  1.75550919E-05
2.27471452E-01  3.14077823E-05  1.75393952E-05
2.27842028E-01  1.26742116E-05  1.75202245E-05
2.28212603E-01  5.81110678E-05  1.75014760E-05
2.28583178E-01  3.58220650E-05  1.75112629E-05
2.28953753E-01  3.57384066E-05  1.74853777E-05
2.29262566E-01  3.19654042E-05  2.14320250E-05
2.29571379E-01  -6.52959249E-06  1.74751910E-05
2.29941954E-01  3.60243697E-05  1.74605859E-05
2.30312529E-01  2.33673137E-05  1.74411653E-05
2.30683105E-01  3.85582276E-05  1.74507355E-05
2.31053680E-01  3.17039139E-05  1.74440400E-05
2.31424255E-01  4.20138893E-05  1.74245712E-05
2.31794831E-01  4.67518987E-05  1.74082037E-05
2.32103643E-01  1.82256231E-05  2.13362482E-05
2.32412456E-01  2.71761201E-05  1.74802713E-05
2.32783031E-01  5.05466068E-05  1.77977045E-05
2.33153606E-01  2.38386647E-05  1.80204359E-05
2.33524182E-01  2.06148562E-05  1.81578099E-05
2.33894757E-01  1.87411840E-05  1.82837047E-05
2.34265332E-01  4.13926629E-05  1.84036259E-05
2.34635908E-01  3.85472348E-05  1.85078925E-05
2.35006483E-01  1.64059665E-05  1.86079864E-05
2.35377058E-01  1.02748688E-05  1.86982697E-05
2.35747633E-01  3.24769674E-05  1.87710152E-05
2.36118209E-01  4.77047840E-05  1.88644966E-05
2.36488784E-01  2.03561562E-05  1.89406330E-05
2.36859359E-01  2.59541478E-05  1.90074474E-05
2.37229934E-01  3.34552264E-05  1.90386642E-05
2.37600510E-01  2.02941933E-05  1.86802047E-05
2.37909322E-01  1.04270683E-05  2.26558299E-05
2.38218135E-01  2.25226791E-05  1.83782160E-05
2.38588710E-01  3.59536416E-05  1.82656906E-05
2.38959286E-01  1.40569794E-05  1.81933436E-05
2.39329861E-01  2.87714404E-05  1.81297200E-05
2.39700436E-01  1.06758834E-05  1.80681163E-05
2.40071011E-01  2.11294484E-05  1.80309056E-05
2.40441587E-01  1.04371330E-05  1.79811207E-05
2.40812162E-01  1.48757939E-05  1.79269137E-05
2.41182737E-01  1.37427447E-05  1.79157474E-05
2.41553313E-01  2.63800363E-05  1.78795510E-05
2.41923888E-01  2.06081015E-05  1.78492543E-05
2.42294463E-01  2.85699236E-05  1.77929168E-05
2.42726801E-01  4.92831066E-05  1.54202473E-05
2.43159139E-01  3.57873203E-05  1.77503002E-05
2.43529714E-01  2.66552068E-05  1.77227900E-05
2.43900289E-01  3.23253159E-05  1.76768283E-05
2.44270865E-01  1.29977637E-05  1.76466071E-05
2.44641440E-01  3.17643611E-05  1.76307634E-05
2.45012015E-01  3.84196136E-05  1.75906664E-05
2.45382590E-01  2.20568786E-05  1.75606258E-05
2.45753166E-01  1.78293946E-05  1.75350055E-05
2.46123741E-01  2.25215851E-05  1.74931784E-05
2.46494316E-01  3.97990147E-05  1.74522238E-05
2.46864891E-01  2.40111788E-05  1.74364395E-05
2.47235467E-01  2.09168338E-05  1.74191270E-05
2.47606042E-01  1.38209319E-05  1.73864857E-05
2.47976617E-01  2.78456030E-05  1.73402615E-05
2.48408955E-01  1.21334134E-05  1.49880356E-05
2.48841293E-01  2.56089205E-05  1.72758033E-05
2.49211868E-01  5.20808408E-05  1.72221202E-05
2.49582443E-01  5.00569141E-05  1.72258410E-05
2.49953019E-01  1.34822913E-05  1.71848157E-05
2.50323594E-01  2.07144371E-05  1.71751503E-05
2.50694169E-01  3.26652208E-05  1.71549158E-05
2.51064744E-01  4.95428423E-05  1.71816194E-05
2.51497082E-01  4.49422201E-05  1.48498825E-05
2.51929420E-01  6.72005438E-06  1.71178302E-05
2.52299995E-01  2.13391426E-05  1.71353953E-05
2.52670571E-01  3.59571924E-05  1.71320745E-05
2.53041146E-01  1.04046759E-05  1.70912632E-05
2.53411721E-01  3.63575616E-05  1.70955654E-05
2.53782296E-01  3.68308147E-05  1.70722895E-05
2.54214634E-01  2.88130940E-05  1.47879488E-05
2.54646972E-01  2.11296207E-05  1.70374742E-05
2.55017547E-01  2.02573686E-05  1.70593975E-05
2.55388123E-01  2.12681544E-05  1.70300183E-05
2.55758698E-01  9.17767121E-06  1.70293750E-05
2.56191036E-01  2.16357795E-06  1.47136003E-05
2.56623373E-01  3.59660989E-05  1.70248971E-05
2.56993949E-01  2.39106645E-05  1.69863464E-05
2.57364524E-01  1.86657565E-05  1.69704896E-05
2.57735099E-01  3.36632743E-05  1.69727222E-05
2.58167437E-01  2.47512767E-05  1.46847466E-05
2.58599775E-01  3.00556550E-05  1.69588423E-05
2.58970350E-01  2.56780075E-05  1.69355457E-05
2.59340925E-01  2.71426567E-05  1.69279730E-05
2.59773263E-01  5.98903312E-05  1.46455537E-05
2.60205601E-01  2.28634126E-05  1.69160205E-05
2.60576176E-01  3.56921006E-05  1.68905558E-05
2.60946752E-01  6.18077472E-06  1.68840740E-05
2.61379089E-01  2.20143943E-05  1.46231634E-05
2.61811427E-01  5.68426846E-06  1.68396037E-05
2.62182003E-01  2.92986910E-06  1.68630342E-05
2.62552578E-01  4.24771784E-05  1.68424525E-05
2.62984916E-01  3.48248230E-05  1.45811370E-05
2.63417253E-01  -7.15188725E-06  1.68121073E-05
2.63787829E-01  2.31766217E-05  1.68204184E-05
2.64220167E-01  1.48980991E-05  1.45469564E-05
2.64652504E-01  2.38898489E-05  1.67996164E-05
2.65023080E-01  4.97947329E-05  1.67746025E-05
2.65455417E-01  3.13579298E-05  1.45282672E-05
2.65887755E-01  3.20351115E-05  1.67473942E-05
2.66258330E-01  5.28936521E-06  1.67607896E-05
2.66690668E-01  1.63732771E-05  1.44935252E-05
2.67123006E-01  2.33635028E-05  1.67299403E-05
2.67493581E-01  3.53572462E-05  1.67142479E-05
2.67925919E-01  3.17031951E-05  1.44707996E-05
2.68358257E-01  1.95640332E-05  1.67125405E-05
2.68728832E-01  2.45780984E-05  1.66713395E-05
2.69161170E-01  2.72957913E-05  1.44302271E-05
2.69593508E-01  2.74877717E-06  1.66464247E-05
2.69964083E-01  8.66286606E-06  1.66556409E-05
2.70396421E-01  3.86477047E-05  1.44207854E-05
2.70828759E-01  2.16264535E-05  1.66202045E-05
2.71261097E-01  1.97549495E-05  1.44008844E-05
2.71693434E-01  2.01285849E-05  1.66119783E-05
2.72064010E-01  3.45954789E-05  1.65929561E-05
2.72496348E-01  9.16853997E-06  1.43795496E-05
2.72928685E-01  3.93814835E-05  1.65788525E-05
2.73361023E-01  -1.45250996E-06  1.43527745E-05
2.73793361E-01  7.51189374E-06  1.65585460E-05
2.74163936E-01  1.94857443E-05  1.65663078E-05
2.74596274E-01  2.56120725E-05  1.43315381E-05
2.75028612E-01  2.39597751E-05  1.65287827E-05
2.75460950E-01  1.18146490E-05  1.43152659E-05
2.75893287E-01  2.60531506E-05  1.64865798E-05
2.76325625E-01  1.66340587E-05  1.42832563E-05
2.76757963E-01  4.71211370E-05  1.64898722E-05
2.77190301E-01  5.03188240E-05  1.42667515E-05
2.77622639E-01  3.23124722E-05  1.64655007E-05
2.77993214E-01  2.16643968E-05  1.64773718E-05
2.78425552E-01  7.49080249E-06  1.42503921E-05
2.78857890E-01  2.50337292E-05  1.64510314E-05
2.79290227E-01  2.65970248E-05  1.42218009E-05
2.79722565E-01  3.19088713E-05  1.64357441E-05
2.80154903E-01  2.76061112E-05  1.42081824E-05
2.80587241E-01  2.92770415E-05  1.64294166E-05
2.81019579E-01  1.96393338E-05  1.41992619E-05
2.81451916E-01  2.76155599E-05  1.63715439E-05
2.81884254E-01  4.27035551E-05  1.41873255E-05
2.82316592E-01  1.36116541E-06  1.63689926E-05
2.82748930E-01  2.48951597E-05  1.41783355E-05
2.83243030E-01  2.82549990E-05  1.41574716E-05
2.83675368E-01  3.28513944E-05  1.63427570E-05
2.84107706E-01  3.78810608E-05  1.41402863E-05
2.84540044E-01  3.26485673E-05  1.63341988E-05
2.84972382E-01  3.91350160E-05  1.41166865E-05
2.85404719E-01  6.39545421E-06  1.63191016E-05
2.85837057E-01  5.16790672E-05  1.41178561E-05
2.86269395E-01  2.96513636E-05  1.62863093E-05
2.86701733E-01  2.63652539E-05  1.40841055E-05
2.87195833E-01  2.29122117E-05  1.40993175E-05
2.87628171E-01  2.63281263E-05  1.62600673E-05
2.88060509E-01  7.18865255E-06  1.40673412E-05
2.88492847E-01  3.22414787E-05  1.62388958E-05
2.88925184E-01  4.80665504E-05  1.40460272E-05
2.89419285E-01  4.01243792E-05  1.40511337E-05
2.89851623E-01  2.55845102E-05  1.62042376E-05
2.90283960E-01  2.36764406E-05  1.40297027E-05
2.90716298E-01  2.53380533E-05  1.61917317E-05
2.91148636E-01  1.26761095E-05  1.40201475E-05
2.91642736E-01  2.22932756E-05  1.40021757E-05
2.92075074E-01  2.01647191E-05  1.61609010E-05
2.92507412E-01  3.84786712E-05  1.39874680E-05
2.93001512E-01  2.07174971E-05  1.39807562E-05
2.93433850E-01  3.16725252E-05  1.61421469E-05
2.93866188E-01  1.64290457E-05  1.39567729E-05
2.94360288E-01  1.56890633E-05  1.39350031E-05
2.94792626E-01  3.23946748E-05  1.60859846E-05
2.95224964E-01  3.39325758E-05  1.39169391E-05
2.95719064E-01  1.83619703E-05  1.39096802E-05
2.96151402E-01  2.87236603E-05  1.60453108E-05
2.96583740E-01  1.79627236E-06  1.39052046E-05
2.97077840E-01  8.01927025E-06  1.38831667E-05
2.97571941E-01  7.42920032E-06  1.38846331E-05
2.98004278E-01  2.13153350E-05  1.60274476E-05
2.98436616E-01  -1.44832382E-06  1.38873870E-05
2.98930717E-01  -9.41742147E-07  1.38864154E-05
2.99424817E-01  1.44544876E-05  1.38612176E-05
2.99857155E-01  5.20774602E-06  1.60156838E-05
3.00289493E-01  1.71114337E-05  1.38486731E-05
3.00783593E-01  4.11945973E-05  1.39991830E-05
3.01277693E-01  1.83932756E-05  1.42712542E-05
3.01710031E-01  2.97418506E-06  1.66565107E-05
3.02142369E-01  1.48139846E-05  1.45282892E-05
3.02636469E-01  1.58724423E-05  1.46747195E-05
3.03130570E-01  7.09322088E-06  1.47704558E-05
3.03562908E-01  1.47483611E-05  1.71759998E-05
3.03995245E-01  1.51415596E-05  1.49470356E-05
3.04489346E-01  1.30309900E-05  1.50411158E-05
3.04983446E-01  3.78536687E-05  1.51274496E-05
3.05477546E-01  1.40402177E-06  1.51928442E-05
3.05909884E-01  3.36522825E-05  1.76416163E-05
3.06342222E-01  1.52310886E-05  1.53270122E-05
3.06836322E-01  9.79492344E-06  1.54184651E-05
3.07330423E-01  1.68203280E-05  1.55344953E-05
3.07824523E-01  2.92185726E-05  1.60279253E-05
3.08318623E-01  5.33126937E-06  1.64144655E-05
3.08812724E-01  6.84658579E-06  1.67331857E-05
3.09245062E-01  2.56895420E-05  1.95732766E-05
3.09677399E-01  2.03690765E-05  1.70815761E-05
3.10171500E-01  -2.25474865E-05  1.72830365E-05
3.10665600E-01  4.26554426E-05  1.75116399E-05
3.11159701E-01  1.24404785E-06  1.76697736E-05
3.11653801E-01  7.35941696E-06  1.78809869E-05
3.12147901E-01  6.83245217E-06  1.80765864E-05
3.12642002E-01  1.95820029E-05  1.82399953E-05
3.13136102E-01  5.46250075E-06  1.84458709E-05
3.13568440E-01  1.16124771E-05  2.14540493E-05
3.14000778E-01  3.55989592E-05  1.87808730E-05
3.14494878E-01  1.00694886E-05  1.89334625E-05
3.14988978E-01  2.21854525E-05  1.91329704E-05
3.15483079E-01  2.98631040E-05  1.93392215E-05
3.15977179E-01  -1.18877385E-06  1.94938897E-05
3.16471279E-01  2.77473832E-05  1.96966649E-05
3.16965380E-01  2.54211273E-05  1.98932828E-05
3.17459480E-01  1.85588776E-05  2.00509531E-05
3.17953580E-01  -5.11281642E-06  2.01975128E-05
3.18447681E-01  1.03804138E-05  2.03279508E-05
3.18941781E-01  3.26458863E-05  2.03849937E-05
3.19435882E-01  2.38299161E-05  2.04910057E-05
3.19929982E-01  1.85046939E-05  2.06023768E-05
3.20424082E-01  2.50145054E-06  2.06813047E-05
3.20918183E-01  1.63555964E-05  2.07984997E-05
3.21412283E-01  1.55920741E-06  2.08897547E-05
3.21906383E-01  3.65223928E-05  2.09660049E-05
3.22400484E-01  3.66849520E-05  2.10637892E-05
3.22894584E-01  2.06040716E-05  2.10812288E-05
3.23388684E-01  2.17349108E-05  2.11087306E-05
3.23882785E-01  1.90791289E-05  2.11556887E-05
3.24376885E-01  -5.35724042E-07  2.12170166E-05
3.24870985E-01  2.02855738E-05  2.13045712E-05
3.25365086E-01  1.51444291E-07  2.14322895E-05
3.25859186E-01  2.95924264E-05  2.14930695E-05
3.26353287E-01  1.27836404E-05  2.15802704E-05
3.26847387E-01  1.12902726E-05  2.17040013E-05
3.27403250E-01  4.20526749E-05  1.94952247E-05
3.27959113E-01  4.32270129E-05  2.18636088E-05
3.28453213E-01  7.63861302E-06  2.19977989E-05
3.28947313E-01  1.55671805E-05  2.21019967E-05
3.29441414E-01  5.71225577E-06  2.21397714E-05
3.29935514E-01  6.64272249E-06  2.22806766E-05
3.30429614E-01  4.39039239E-05  2.23609401E-05
3.30923715E-01  3.54785890E-06  2.24739561E-05
3.31417815E-01  1.09754053E-05  2.25258638E-05
3.31973678E-01  8.85496109E-06  2.02279831E-05
3.32529541E-01  1.34709805E-05  2.27279644E-05
3.33023641E-01  2.62862826E-05  2.28430955E-05
3.33517742E-01  1.10876666E-05  2.29321559E-05
3.34011842E-01  1.73164981E-05  2.29804546E-05
3.34505942E-01  1.13426836E-05  2.31305273E-05
3.35061805E-01  -4.98866470E-06  2.07754245E-05
3.35617668E-01  -4.72676555E-06  2.32898238E-05
3.36111769E-01  3.12178107E-05  2.34299967E-05
3.36605869E-01  1.29201658E-05  2.34873747E-05
3.37099969E-01  9.07487782E-06  2.36249591E-05
3.37655832E-01  6.63035299E-05  2.12076226E-05
3.38211695E-01  -3.74731383E-05  2.38531021E-05
3.38705795E-01  2.32961205E-05  2.38705613E-05
3.39199896E-01  4.41812685E-06  2.40883412E-05
3.39755759E-01  3.29614675E-05  2.15709050E-05
3.40311622E-01  -1.89023606E-05  2.42115578E-05
3.40805722E-01  -1.64638434E-05  2.43458659E-05
3.41299822E-01  7.74252453E-06  2.44869706E-05
3.41855685E-01  -4.35614894E-07  2.19535834E-05
3.42411548E-01  2.62001160E-05  2.46232493E-05
3.42905649E-01  -2.19812199E-05  2.47730435E-05
3.43399749E-01  5.30432043E-05  2.49128961E-05
3.43955612E-01  4.18737788E-06  2.23306370E-05
3.44511475E-01  1.39909283E-05  2.50855270E-05
3.45005575E-01  -6.74414994E-06  2.51982559E-05
3.45561438E-01  -2.06650203E-06  2.26603476E-05
3.46117301E-01  3.31767722E-05  2.54427258E-05
3.46611401E-01  2.25715709E-05  2.55389843E-05
3.47167264E-01  5.21618102E-06  2.29349792E-05
3.47723127E-01  1.29066103E-05  2.57705813E-05
3.48217227E-01  9.05973419E-06  2.59020582E-05
3.48773090E-01  1.09480707E-05  2.32415665E-05
3.49328953E-01  -1.01793429E-05  2.60891061E-05
3.49823054E-01  -1.24283231E-05  2.59876179E-05
3.50378916E-01  1.17040695E-05  2.32582131E-05
3.50934779E-01  2.45031756E-05  2.59954714E-05
3.51490642E-01  3.82627984E-05  2.33144443E-05
3.52046505E-01  7.21060928E-06  2.62245213E-05
3.52540606E-01  2.75961589E-05  2.62534483E-05
3.53096468E-01  1.93482432E-05  2.36455580E-05
3.53652331E-01  2.42517362E-06  2.65509151E-05
3.54208194E-01  9.01152476E-06  2.38498813E-05
3.54764057E-01  -1.23084555E-06  2.68483704E-05
3.55319920E-01  5.97793981E-05  2.40948008E-05
3.55875783E-01  -1.09418777E-05  2.70018880E-05
3.56369883E-01  6.86769165E-05  2.71657099E-05
3.56925746E-01  -4.32288788E-05  2.44132074E-05
3.57481609E-01  4.41746738E-05  2.75157799E-05
3.58037472E-01  2.02137425E-05  2.46634386E-05
3.58593335E-01  -1.31722556E-05  2.76635052E-05
3.59149198E-01  4.66653538E-05  2.49202303E-05
3.59705061E-01  -3.97903604E-05  2.79470782E-05
3.60260924E-01  -7.40543393E-06  2.51495562E-05
3.60816787E-01  3.48728600E-06  2.82925093E-05
3.61372649E-01  4.51265995E-05  2.54201519E-05
3.61928512E-01  1.84655527E-05  2.85745821E-05
3.62484375E-01  8.23933040E-05  2.56763085E-05
3.63040238E-01  3.44412209E-05  2.88240359E-05
3.63596101E-01  -2.84008810E-06  2.59393269E-05
3.64151964E-01  -2.60184631E-05  2.91305167E-05
3.64707827E-01  3.98586485E-05  2.61989078E-05
3.65325452E-01  6.12128166E-05  2.63757272E-05
3.65881315E-01  -2.13058826E-05  2.96988077E-05
3.66437178E-01  1.66229480E-05  2.66560442E-05
3.66993041E-01  6.25404947E-06  2.98896766E-05
3.67548904E-01  -1.34248865E-05  2.69309860E-05
3.68104767E-01  1.04625131E-05  3.02206746E-05
3.68660630E-01  -8.73796128E-06  2.72376066E-05
3.69278255E-01  1.14579435E-05  2.73902512E-05
3.69834118E-01  7.16352081E-05  3.08215063E-05
3.70389981E-01  3.88985821E-06  2.76965673E-05
3.71007606E-01  2.18723843E-05  2.78627503E-05
3.71563469E-01  -6.59340479E-05  3.13986676E-05
3.72119332E-01  -2.20277430E-05  2.81998017E-05
3.72675195E-01  4.07936132E-05  3.16620388E-05
3.73231058E-01  -1.75022616E-06  2.85284764E-05
3.73848683E-01  -1.76671417E-05  2.87032235E-05
3.74404546E-01  5.87333186E-05  3.22494092E-05
3.74960409E-01  -1.91110604E-06  2.90404615E-05
3.75578035E-01  -2.29603759E-05  2.92329396E-05
3.76195660E-01  -3.09104948E-05  2.94561494E-05
3.76751523E-01  9.59270280E-07  3.31549600E-05
3.77307386E-01  -3.46827340E-05  2.98192119E-05
3.77925011E-01  2.27814515E-05  3.00107897E-05
3.78480874E-01  1.79382105E-05  3.38892951E-05
3.79036737E-01  3.04619146E-05  3.03628652E-05
3.79654363E-01  7.19119454E-05  3.06147371E-05
3.80271988E-01  9.08327899E-06  3.08146923E-05
3.80827851E-01  -2.41575586E-05  3.47924825E-05
3.81383714E-01  2.92417124E-05  3.12800833E-05
3.82001339E-01  2.76139379E-05  3.15040074E-05
3.82618965E-01  2.79625338E-05  3.17517796E-05
3.83174828E-01  5.43231450E-05  3.55989863E-05
3.83730691E-01  -2.06288991E-05  3.22199068E-05
3.84348316E-01  -1.89366693E-05  3.24320840E-05
3.84965942E-01  1.78877778E-06  3.26871174E-05
3.85583567E-01  1.63466496E-05  3.29480314E-05
3.86201192E-01  -4.58787099E-06  3.29679061E-05
3.86757055E-01  1.01732861E-06  3.67484997E-05
3.87312918E-01  4.13109593E-05  3.30665637E-05
3.87930544E-01  6.87254631E-05  3.30838480E-05
3.88548169E-01  2.33967088E-05  3.31364184E-05
3.89165795E-01  1.67425324E-05  3.33736791E-05
3.89783420E-01  4.65274898E-05  3.36671893E-05
3.90339283E-01  6.09380755E-05  3.77767917E-05
3.90895146E-01  1.18695456E-05  3.41724082E-05
3.91512771E-01  3.89135475E-06  3.44424158E-05
3.92130397E-01  1.03219125E-04  3.47923200E-05
3.92748022E-01  1.48742145E-05  3.50878865E-05
3.93365648E-01  8.33993071E-06  3.53829397E-05
3.93983273E-01  3.55385398E-05  3.57294009E-05
3.94600898E-01  -1.23334625E-05  3.60551672E-05
3.95218524E-01  -1.99267127E-05  3.62598952E-05
3.95836149E-01  -8.94113347E-07  3.66713295E-05
3.96453775E-01  4.92256674E-05  3.70642170E-05
3.97071400E-01  -9.49545796E-06  3.74179946E-05
3.97689026E-01  7.06970782E-05  3.78098198E-05
3.98306651E-01  -1.13000862E-05  3.82120239E-05
3.98924277E-01  -1.34471200E-05  3.86425868E-05
3.99541902E-01  -3.46299775E-06  3.90655511E-05
4.00159528E-01  6.39056980E-06  3.94595572E-05
4.00777153E-01  -4.99368999E-06  3.99086056E-05
4.01394778E-01  3.70937380E-05  4.03618998E-05
4.02012404E-01  4.92688435E-05  4.08523920E-05
4.02630029E-01  2.62151132E-05  4.13477762E-05
4.03247655E-01  6.91044690E-06  4.18413736E-05
4.03865280E-01  -8.44051098E-06  4.23620211E-05
4.04482906E-01  4.88123837E-05  4.28794335E-05
4.05100531E-01  -2.20955587E-05  4.32105009E-05
4.05718157E-01  -1.44283114E-05  4.39098289E-05
4.06335782E-01  -5.94300815E-05  4.44574109E-05
4.06953407E-01  -8.68105811E-06  4.51326089E-05
4.07571033E-01  6.53606075E-05  4.58407119E-05
4.08188658E-01  -3.57289522E-05  4.64656945E-05
4.08806284E-01  8.70879354E-06  4.72123284E-05
4.09423909E-01  4.86273575E-06  4.78967716E-05
4.10103297E-01  1.54570923E-05  4.48099510E-05
4.10782685E-01  -5.32913439E-06  4.94529071E-05
4.11400311E-01  6.60755896E-05  5.03568295E-05
4.12017936E-01  1.63580490E-05  5.12577205E-05
4.12635562E-01  4.53854930E-05  5.22212713E-05
4.13253187E-01  -5.51231835E-05  5.32782142E-05
4.13870812E-01  7.11557475E-05  5.42824692E-05
4.14550200E-01  -7.14509041E-05  5.09369407E-05
4.15229588E-01  8.33734099E-07  5.69540774E-05
4.15847214E-01  -1.72703289E-05  5.81198457E-05
4.16464839E-01  7.22807171E-05  5.91578298E-05
4.17082465E-01  6.80001774E-06  6.04992869E-05


### HEADER:
#
#{
#    "analysis": {
#        "GNOM": {
#            "Alpha": 4.629,
#            "Dmax": "91",
#            "GNOM_ChiSquared": 0.7970680963571658,
#            "GNOM_Quality_Assessment": "a GOOD solution",
#            "Real_Space_I0": 0.001089,
#            "Real_Space_I0_Err": 7.288e-06,
#            "Real_Space_Rg": 23.82,
#            "Real_Space_Rg_Err": 0.3016,
#            "Total_Estimate": 0.773,
#            "qEnd": 0.41708246479348154,
#            "qStart": 0.002902839603923239
#        },
#        "guinier": {
#            "I0": "0.0010894298671576819",
#            "I0_autorg_err": -1,
#            "I0_err": 6.072980070675037e-06,
#            "I0_est_err": 1.0086808094861208e-06,
#            "I0_fit_err": 6.072980070675037e-06,
#            "Rg": "23.123012777919566",
#            "Rg_autorg_err": -1,
#            "Rg_err": 0.22982528717926712,
#            "Rg_est_err": 0.06724237405572016,
#            "Rg_fit_err": 0.22982528717926712,
#            "nEnd": 431,
#            "nStart": 0,
#            "qEnd": "0.05614",
#            "qRg_max": "1.2981757256101094",
#            "qRg_min": "0.06712239725376803",
#            "qStart": "0.0029",
#            "rsq": "0.8433907710725923"
#        },
#        "molecularWeight": {
#            "Absolute": {
#                "Density_buffer": "3.34e+23",
#                "Density_dry_protein": "3.22e+23",
#                "MW": "",
#                "Partial_specific_volume": "0.7425"
#            },
#            "DatmwBayes": {
#                "ConfidenceIntervalLower": "14.5",
#                "ConfidenceIntervalProbability": "93.4037",
#                "ConfidenceIntervalUpper": "16.45",
#                "MW": "15.475",
#                "MWProbability": "44.9356"
#            },
#            "I(0)Concentration": {
#                "MW": ""
#            },
#            "PorodVolume": {
#                "Cutoff": "Default",
#                "Density": "0.00083",
#                "MW": "16.020417558328372",
#                "Q_max": "0.34611730085927306",
#                "VPorod": "34626.51730288719",
#                "VPorod_Corrected": "19301.707901600446"
#            },
#            "ShapeAndSize": {},
#            "VolumeOfCorrelation": {
#                "Cutoff": "Manual",
#                "MW": "16.709027249347848",
#                "Q_max": "0.3",
#                "Type": "Protein",
#                "Vcor": "218.08551425537723"
#            }
#        }
#    },
#    "calibration_params": {
#        "Beam_Center_X": 2485.947824803951,
#        "Beam_Center_Y": 832.772394330027,
#        "Detector Tilt": 2.5221666988024696,
#        "Detector Tilt Plane Rotation": -77.43956101516139,
#        "Detector_X_Pixel_Size": 75.0,
#        "Detector_Y_Pixel_Size": 75.0,
#        "Integration Method": "nosplit_csr_ocl",
#        "Radial_Average_Method": "pyFAI",
#        "Sample-to-detector distance (mm)": 3685.431263756,
#        "Wavelength (A)": 1.03320164497
#    },
#    "config_file": null,
#    "counters": {
#        "Attenuator,_16_foil": "Out",
#        "Attenuator,_1_foil": "Out",
#        "Attenuator,_2_foil": "Out",
#        "Attenuator,_32_foil": "Out",
#        "Attenuator,_4_foil": "Out",
#        "Attenuator,_8_foil": "Out",
#        "Buffer": "20 mM HEPES, 150 mM NaCl, 2 mM DTT, pH 7.0",
#        "Coflow_on": "True",
#        "Collimator_vacuum_mtorr": "6.2",
#        "Column": "Superdex 75 10/300 Increase",
#        "Concentration_mg/ml": "2.6",
#        "D_hutch_shutter_open": "True",
#        "Date": "2022-11-19 17:23:17.072542",
#        "Experiment_type": "SEC-SAXS",
#        "Exposure time/frame (s)": "0.5",
#        "Exposure_period/frame_s": "1.0",
#        "File_prefix": "TM04_025",
#        "Flight_tube_vacuum_mtorr": "8.2",
#        "Flow rate (ml/min)": "0.6",
#        "Front_end_shutter_open": "True",
#        "Guard_slit_vacuum_mtorr": "7.2",
#        "I0_gain": "1e+05",
#        "I1_gain": "1e+06",
#        "I2_gain": "1e+03",
#        "I3_gain": "1e+05",
#        "Instrument": "BioCAT (Sector 18, APS)",
#        "Loaded_volume_uL": "250",
#        "Nominal_Transmission_12_keV": "1.0",
#        "Notes": "Using a mismatched sheath of 20 mM Na Phosphate, 150 mM NaCl.\n\nTube labeled 5",
#        "Number_of_frames": "3600",
#        "Number_of_images_per_file": "100",
#        "Number_of_triggers": "1",
#        "Outlet_flow_rate_mL/min": "0.8571428571428572",
#        "Sample": "4 - V12",
#        "Sample_vacuum_mtorr": "8.0",
#        "Save_directory": "/nas_data/Eiger2x/2022_Run3/20221119_Mittag/TM04",
#        "Sheath_excess_ratio": "1.5",
#        "Sheath_inlet_flow_rate_including_excess_mL/min": "0.8999999999999999",
#        "Sheath_ratio": "0.3",
#        "Sheath_valve_position": "1",
#        "Temperature_C": "25",
#        "UV_integration_time": "None",
#        "UV_scans_averaged_per_spectrum": "None",
#        "Wait_for_trigger": "True"
#    },
#    "filename": "S_A_TM04_025.dat",
#    "imageHeader": {
#        "htype": "dconfig-1.0",
#        "series": 1662
#    },
#    "load_path": "",
#    "metadata": {
#        "Detector": "Eiger2 XE 9M"
#    },
#    "normalizations": {
#        "Absolute_scale": {
#            "Absolute_scale_factor": 85193.56174099886,
#            "Ignore_background": true,
#            "Method": "Glassy_carbon"
#        },
#        "Counter_norms": [
#            [
#                "/",
#                "I0"
#            ]
#        ],
#        "Polarization": {
#            "Used": false
#        },
#        "Solid_Angle_Correction": "On"
#    },
#    "raw_version": "2.1.4"
#}

