### DATA:
#
# 1696
#      Q             I(Q)           Error     
2.90283960E-03  6.72402259E-04  4.26993686E-04
3.02636469E-03  1.10690695E-03  4.01155562E-04
3.14988978E-03  1.30843131E-03  3.57182201E-04
3.27341487E-03  1.43972081E-03  3.29700976E-04
3.39693996E-03  1.78704184E-03  3.07410035E-04
3.52046505E-03  1.38298802E-03  2.87412230E-04
3.64399014E-03  1.02196139E-03  2.74469803E-04
3.76751523E-03  9.21122906E-04  2.62959480E-04
3.89104032E-03  1.30506920E-03  2.61654332E-04
4.01456541E-03  1.53939460E-03  2.53284038E-04
4.13809050E-03  1.18763375E-03  2.44327216E-04
4.26161559E-03  1.54026891E-03  2.38278581E-04
4.38514068E-03  1.46138324E-03  2.31076267E-04
4.50866577E-03  1.45296600E-03  2.26725514E-04
4.63219086E-03  1.35229071E-03  2.20978949E-04
4.75571595E-03  1.35948366E-03  2.13887683E-04
4.87924104E-03  1.35717429E-03  2.08345426E-04
5.00276613E-03  1.87972783E-03  2.07383540E-04
5.12629122E-03  1.58818021E-03  2.00789737E-04
5.24981630E-03  1.35954706E-03  1.94952535E-04
5.37334139E-03  1.25649039E-03  1.91750009E-04
5.49686648E-03  1.19381700E-03  1.88730833E-04
5.62039157E-03  1.37458457E-03  1.84960815E-04
5.74391666E-03  1.13052409E-03  1.80034719E-04
5.86744175E-03  1.46806727E-03  1.79478680E-04
5.99096684E-03  1.48303364E-03  1.74092128E-04
6.11449193E-03  1.27757735E-03  1.74944004E-04
6.23801702E-03  1.34429531E-03  1.71806056E-04
6.36154211E-03  1.42260618E-03  1.66145614E-04
6.48506720E-03  1.28428454E-03  1.66484665E-04
6.60859229E-03  1.34675148E-03  1.65125033E-04
6.73211738E-03  1.38102187E-03  1.61717491E-04
6.85564247E-03  1.18808886E-03  1.57164757E-04
6.97916756E-03  1.37367965E-03  1.55671649E-04
7.10269265E-03  1.27526739E-03  1.56863368E-04
7.22621774E-03  1.37083647E-03  1.53959547E-04
7.34974283E-03  1.37763975E-03  1.53114303E-04
7.47326792E-03  1.24749209E-03  1.49724643E-04
7.59679301E-03  1.35805038E-03  1.46691791E-04
7.72031810E-03  1.31111227E-03  1.48306789E-04
7.84384319E-03  1.45705029E-03  1.46130086E-04
7.96736827E-03  1.38381689E-03  1.43555333E-04
8.09089336E-03  1.26342766E-03  1.44284123E-04
8.21441845E-03  1.56067842E-03  1.42172709E-04
8.33794354E-03  1.44553080E-03  1.41877432E-04
8.46146863E-03  1.35393439E-03  1.38382458E-04
8.58499372E-03  1.53274170E-03  1.38729921E-04
8.70851881E-03  1.11185242E-03  1.37710151E-04
8.83204390E-03  1.27218638E-03  1.35737086E-04
8.95556899E-03  1.40318327E-03  1.34942630E-04
9.07909408E-03  1.30579920E-03  1.31304578E-04
9.20261917E-03  1.44587931E-03  1.31799636E-04
9.32614426E-03  1.20458379E-03  1.32036161E-04
9.44966935E-03  1.36376219E-03  1.29846810E-04
9.57319444E-03  1.44586928E-03  1.28763172E-04
9.69671953E-03  1.28602478E-03  1.27275020E-04
9.82024462E-03  1.41355732E-03  1.27762079E-04
9.94376971E-03  1.42004566E-03  1.25061457E-04
1.00672948E-02  1.30280871E-03  1.23956393E-04
1.01908199E-02  1.33609427E-03  1.25089055E-04
1.03143450E-02  1.07969761E-03  1.22267035E-04
1.04378701E-02  1.18445145E-03  1.22277715E-04
1.05613952E-02  1.35282431E-03  1.20233690E-04
1.06849202E-02  1.36625186E-03  1.20208270E-04
1.08084453E-02  1.30202010E-03  1.19791893E-04
1.09319704E-02  1.28628685E-03  1.18576554E-04
1.10554955E-02  1.43574048E-03  1.17752036E-04
1.11790206E-02  1.29152003E-03  1.16127501E-04
1.13025457E-02  1.36244594E-03  1.16080334E-04
1.14260708E-02  1.31317028E-03  1.15974689E-04
1.15495959E-02  1.21894479E-03  1.14943287E-04
1.16731210E-02  1.22972539E-03  1.13821991E-04
1.17966460E-02  1.25763736E-03  1.13063212E-04
1.19201711E-02  1.36228326E-03  1.12601366E-04
1.20436962E-02  1.44855577E-03  1.12508939E-04
1.21672213E-02  1.54784993E-03  1.10776026E-04
1.22907464E-02  1.21427374E-03  1.10414901E-04
1.24142715E-02  1.40892623E-03  1.09900926E-04
1.25377966E-02  1.31098938E-03  1.09913836E-04
1.26613217E-02  1.23674512E-03  1.08165769E-04
1.27848468E-02  1.25371299E-03  1.08242446E-04
1.29083719E-02  1.31807778E-03  1.07982243E-04
1.30318969E-02  1.26780091E-03  1.07548052E-04
1.31554220E-02  1.31610042E-03  1.06205038E-04
1.32789471E-02  1.32594857E-03  1.04995576E-04
1.34024722E-02  1.24107727E-03  1.05648592E-04
1.35259973E-02  1.13434325E-03  1.04605230E-04
1.36495224E-02  1.14795660E-03  1.04528343E-04
1.37730475E-02  1.29038917E-03  1.03548527E-04
1.38965726E-02  1.28709044E-03  1.02905652E-04
1.40200977E-02  1.39998174E-03  1.02848443E-04
1.41436228E-02  1.31747532E-03  1.02607096E-04
1.42671478E-02  1.21380564E-03  1.00951226E-04
1.43906729E-02  1.35258922E-03  1.01723586E-04
1.45141980E-02  1.19612989E-03  1.00201110E-04
1.46377231E-02  1.32038327E-03  1.00331448E-04
1.47612482E-02  1.27638535E-03  9.96875255E-05
1.48847733E-02  1.31683095E-03  9.91822301E-05
1.50082984E-02  1.38005270E-03  9.86293088E-05
1.51318235E-02  1.33382735E-03  9.85253767E-05
1.52553486E-02  1.29178365E-03  9.82982341E-05
1.53788736E-02  1.37693044E-03  9.71243460E-05
1.55023987E-02  1.36172450E-03  9.68319556E-05
1.56259238E-02  1.08686526E-03  9.66842726E-05
1.57494489E-02  1.14502567E-03  9.66380629E-05
1.58729740E-02  1.34765980E-03  9.55208007E-05
1.59964991E-02  1.14015328E-03  9.51351296E-05
1.61200242E-02  1.27155727E-03  9.46304964E-05
1.62435493E-02  1.24923054E-03  9.43863140E-05
1.63670744E-02  1.24269108E-03  9.44525387E-05
1.64905995E-02  1.30928784E-03  9.34139507E-05
1.66141245E-02  1.13178573E-03  9.29424393E-05
1.67376496E-02  1.34729562E-03  9.34035424E-05
1.68611747E-02  1.29141128E-03  9.26293529E-05
1.69846998E-02  1.27129113E-03  9.19085389E-05
1.71082249E-02  1.27961425E-03  9.20225266E-05
1.72317500E-02  1.22159316E-03  9.15933422E-05
1.73552751E-02  1.17288730E-03  9.10363493E-05
1.74788002E-02  1.10482394E-03  8.98923341E-05
1.76023253E-02  1.26051866E-03  9.09127739E-05
1.77258503E-02  1.38088085E-03  9.00242018E-05
1.78493754E-02  1.22898825E-03  9.00343978E-05
1.79729005E-02  1.27157444E-03  8.91831855E-05
1.80964256E-02  1.39279529E-03  8.88009290E-05
1.82199507E-02  1.19844987E-03  8.84641200E-05
1.83434758E-02  1.30978642E-03  8.84540602E-05
1.84670009E-02  1.12263561E-03  8.80983298E-05
1.85905260E-02  1.26438787E-03  8.72120671E-05
1.87140511E-02  1.29283099E-03  8.73262719E-05
1.88375762E-02  1.38736726E-03  8.72774266E-05
1.89611012E-02  1.24149662E-03  8.65134447E-05
1.90846263E-02  1.14056225E-03  8.61311437E-05
1.92081514E-02  1.11031134E-03  8.63428263E-05
1.93316765E-02  1.13604047E-03  8.58023478E-05
1.94552016E-02  1.22213150E-03  8.57024377E-05
1.95787267E-02  1.29234413E-03  8.43198166E-05
1.97022518E-02  1.18263556E-03  8.51089569E-05
1.98257769E-02  1.20388685E-03  8.45252794E-05
1.99493020E-02  1.17673267E-03  8.45818287E-05
2.00728270E-02  1.24165579E-03  8.41933536E-05
2.01963521E-02  1.22830713E-03  8.33466728E-05
2.03198772E-02  1.33806287E-03  8.33517056E-05
2.04434023E-02  1.23894087E-03  8.33418269E-05
2.05669274E-02  1.28926854E-03  8.31376920E-05
2.06904525E-02  1.14389652E-03  8.22963162E-05
2.08139776E-02  1.21273276E-03  8.21406618E-05
2.09375027E-02  1.24606707E-03  8.23159076E-05
2.10610278E-02  1.25430931E-03  8.20210390E-05
2.11845529E-02  1.31199774E-03  8.15379901E-05
2.13080779E-02  1.13319886E-03  8.15469897E-05
2.14316030E-02  1.19206184E-03  8.06579390E-05
2.15551281E-02  1.22129184E-03  8.10423073E-05
2.16786532E-02  1.16435400E-03  7.99087627E-05
2.18021783E-02  1.23902927E-03  8.05812806E-05
2.19257034E-02  1.21965636E-03  8.03293329E-05
2.20492285E-02  1.18551181E-03  7.99721438E-05
2.21727536E-02  1.09836672E-03  7.96781695E-05
2.22962787E-02  1.26474645E-03  7.92645255E-05
2.24198037E-02  1.20041875E-03  7.90743584E-05
2.25433288E-02  1.18324288E-03  7.92389342E-05
2.26668539E-02  1.18335311E-03  7.85008602E-05
2.27903790E-02  1.16004334E-03  7.83569842E-05
2.29139041E-02  1.25400863E-03  7.82397437E-05
2.30374292E-02  1.17028426E-03  7.78226632E-05
2.31609543E-02  1.26203195E-03  7.83058139E-05
2.32844794E-02  1.16805841E-03  7.72380632E-05
2.34080045E-02  1.24410424E-03  7.74624963E-05
2.35315296E-02  1.22544953E-03  7.67424007E-05
2.36550546E-02  1.22424565E-03  7.70772860E-05
2.37785797E-02  1.17133821E-03  7.65181477E-05
2.39021048E-02  1.08374713E-03  7.61707125E-05
2.40256299E-02  1.28843569E-03  7.63507241E-05
2.41491550E-02  1.30996700E-03  7.65966919E-05
2.42726801E-02  1.09560324E-03  7.53750588E-05
2.43962052E-02  1.27171339E-03  7.56305618E-05
2.45197303E-02  1.27943182E-03  7.53642270E-05
2.46432554E-02  1.21366509E-03  7.51442253E-05
2.47667805E-02  1.12232035E-03  7.50810002E-05
2.48903055E-02  1.17128031E-03  7.46445948E-05
2.50138306E-02  1.16022162E-03  7.45250568E-05
2.51373557E-02  1.14904096E-03  7.42923719E-05
2.52608808E-02  1.02581880E-03  7.42155324E-05
2.53844059E-02  1.33082516E-03  7.40921879E-05
2.55079310E-02  1.19480680E-03  7.38583779E-05
2.56314561E-02  1.16816983E-03  7.37035529E-05
2.57549812E-02  1.21610400E-03  7.36168163E-05
2.58785063E-02  1.29159604E-03  7.27815630E-05
2.60020313E-02  1.12600782E-03  7.30743050E-05
2.61255564E-02  1.07965894E-03  7.27210005E-05
2.62490815E-02  1.17174439E-03  7.31345813E-05
2.63726066E-02  1.10311909E-03  7.23953003E-05
2.64961317E-02  1.15880663E-03  7.21124041E-05
2.66196568E-02  1.28456911E-03  7.22633402E-05
2.67431819E-02  1.13958552E-03  7.18217066E-05
2.68667070E-02  1.09533466E-03  7.21694408E-05
2.69902321E-02  1.10370986E-03  7.14869901E-05
2.71137572E-02  1.16357533E-03  7.14675941E-05
2.72372822E-02  1.21208716E-03  7.12738331E-05
2.73608073E-02  1.05615241E-03  7.10522758E-05
2.74843324E-02  1.25042041E-03  7.08669973E-05
2.76078575E-02  1.18747193E-03  7.09334797E-05
2.77313826E-02  1.18524999E-03  7.06352539E-05
2.78549077E-02  1.17236573E-03  7.05878038E-05
2.79784328E-02  1.20080352E-03  7.01408364E-05
2.81019579E-02  1.24772628E-03  7.01693733E-05
2.82254830E-02  1.12897964E-03  7.01325884E-05
2.83490080E-02  1.06006484E-03  7.09126336E-05
2.84725331E-02  1.14498242E-03  7.13603217E-05
2.85960582E-02  1.26043339E-03  7.15840769E-05
2.87195833E-02  1.06728051E-03  7.13313349E-05
2.88431084E-02  1.11049159E-03  7.17928325E-05
2.89666335E-02  1.02899385E-03  7.16485666E-05
2.90901586E-02  1.06383684E-03  7.17577604E-05
2.92136837E-02  1.12799404E-03  7.19900265E-05
2.93372088E-02  1.25321022E-03  7.20759916E-05
2.94607339E-02  1.20139011E-03  7.21698076E-05
2.95842589E-02  1.16314632E-03  7.16849324E-05
2.97077840E-02  1.19174141E-03  7.19386123E-05
2.98313091E-02  1.10757957E-03  7.18262490E-05
2.99548342E-02  9.86795987E-04  7.21264374E-05
3.00783593E-02  9.67650139E-04  7.19291851E-05
3.02018844E-02  1.08148119E-03  7.19909493E-05
3.03254095E-02  1.10977632E-03  7.19741901E-05
3.04489346E-02  1.09183254E-03  7.18315232E-05
3.05724597E-02  1.05259231E-03  7.18954143E-05
3.06959847E-02  1.14105502E-03  7.18887400E-05
3.08195098E-02  1.20964807E-03  7.18012429E-05
3.09430349E-02  1.10027045E-03  7.21325703E-05
3.10665600E-02  1.14644641E-03  7.22497787E-05
3.11900851E-02  1.06065166E-03  7.14831716E-05
3.13136102E-02  1.06503195E-03  7.15635178E-05
3.14371353E-02  1.24399175E-03  7.17814426E-05
3.15606604E-02  1.20205179E-03  7.16273449E-05
3.16841855E-02  1.16274299E-03  7.18936055E-05
3.18077106E-02  1.14523118E-03  7.17376201E-05
3.19312356E-02  1.01341661E-03  7.14281577E-05
3.20547607E-02  1.07091192E-03  7.14700895E-05
3.21782858E-02  1.01414313E-03  7.13213745E-05
3.23018109E-02  1.05427662E-03  7.16077401E-05
3.24253360E-02  1.16737441E-03  7.13012999E-05
3.25488611E-02  1.07780882E-03  7.12856162E-05
3.26723862E-02  1.14015101E-03  7.12817817E-05
3.27959113E-02  1.14502447E-03  7.10586173E-05
3.29194364E-02  1.09332159E-03  7.13532820E-05
3.30429614E-02  1.09484078E-03  7.10677280E-05
3.31664865E-02  1.08997307E-03  6.99992606E-05
3.32900116E-02  1.05418851E-03  6.91002908E-05
3.34135367E-02  1.02267349E-03  6.93131660E-05
3.35370618E-02  1.04857784E-03  6.86321509E-05
3.36605869E-02  1.05432189E-03  6.78841311E-05
3.37841120E-02  1.02904948E-03  6.78521637E-05
3.39076371E-02  1.07175600E-03  6.79347092E-05
3.40311622E-02  1.00400409E-03  6.73336858E-05
3.41546873E-02  1.10192613E-03  6.72902267E-05
3.42782123E-02  1.01424551E-03  6.69524792E-05
3.44017374E-02  1.00303217E-03  6.64327896E-05
3.45252625E-02  1.14518599E-03  6.66189375E-05
3.46487876E-02  1.04083056E-03  6.63380070E-05
3.47723127E-02  1.03450148E-03  6.62892800E-05
3.48958378E-02  1.07393782E-03  6.59964614E-05
3.50193629E-02  1.06007290E-03  6.65042447E-05
3.51428880E-02  1.01462847E-03  6.66415494E-05
3.52664131E-02  1.06724602E-03  6.69991857E-05
3.53899381E-02  1.04908367E-03  6.72039480E-05
3.55134632E-02  9.31458282E-04  6.74318191E-05
3.56369883E-02  1.09627226E-03  6.73945604E-05
3.57605134E-02  1.01309515E-03  6.71864437E-05
3.58840385E-02  9.52839307E-04  6.70868416E-05
3.60075636E-02  1.14096887E-03  6.75497863E-05
3.61310887E-02  1.12575050E-03  6.73237860E-05
3.62546138E-02  9.89813035E-04  6.75235065E-05
3.63781389E-02  1.06949249E-03  6.75465059E-05
3.65016640E-02  9.58650362E-04  6.71890138E-05
3.66251890E-02  1.07320766E-03  6.74854903E-05
3.67487141E-02  1.12495610E-03  6.72410695E-05
3.68722392E-02  1.12137429E-03  6.73777822E-05
3.69957643E-02  9.56380824E-04  6.73276854E-05
3.71192894E-02  9.40447876E-04  6.71736025E-05
3.72428145E-02  1.06582565E-03  6.73325203E-05
3.73663396E-02  1.05909126E-03  6.70176628E-05
3.74898647E-02  1.05061588E-03  6.72402947E-05
3.76133898E-02  9.66805204E-04  6.72190585E-05
3.77369149E-02  1.02901332E-03  6.70713523E-05
3.78604399E-02  9.27525065E-04  6.70348421E-05
3.79839650E-02  1.10404075E-03  6.70629310E-05
3.81074901E-02  9.58692779E-04  6.69860065E-05
3.82310152E-02  9.87898342E-04  6.68736248E-05
3.83545403E-02  1.02083414E-03  6.68047577E-05
3.84780654E-02  1.05955114E-03  6.69749296E-05
3.86015905E-02  1.01727759E-03  6.68076151E-05
3.87251156E-02  1.00068860E-03  6.66660191E-05
3.88486407E-02  1.01735006E-03  6.67401692E-05
3.89721657E-02  9.66959766E-04  6.65917246E-05
3.90956908E-02  9.18880411E-04  6.67522666E-05
3.92192159E-02  9.59917250E-04  6.66455262E-05
3.93427410E-02  1.04438260E-03  6.63565388E-05
3.94662661E-02  1.00035024E-03  6.66028308E-05
3.95897912E-02  9.79247063E-04  6.64863816E-05
3.97133163E-02  9.83583851E-04  6.62726243E-05
3.98368414E-02  9.88906202E-04  6.56317498E-05
3.99603665E-02  1.00553813E-03  6.47689806E-05
4.00838916E-02  1.01053123E-03  6.45904218E-05
4.02074166E-02  9.56286215E-04  6.43483169E-05
4.03309417E-02  9.09527648E-04  6.39779656E-05
4.04544668E-02  9.88354258E-04  6.37032124E-05
4.05779919E-02  9.80998028E-04  6.33665626E-05
4.07015170E-02  1.02776662E-03  6.30040715E-05
4.08250421E-02  1.05504097E-03  6.29986259E-05
4.09485672E-02  9.24694433E-04  6.26222186E-05
4.10720923E-02  1.07354328E-03  6.26044498E-05
4.11956174E-02  9.52231642E-04  6.24840635E-05
4.13191424E-02  1.07872598E-03  6.19250621E-05
4.14426675E-02  1.00708577E-03  6.21139173E-05
4.15661926E-02  1.06099880E-03  6.17180858E-05
4.16897177E-02  8.66094232E-04  6.17181502E-05
4.18132428E-02  9.39728034E-04  6.14504358E-05
4.19367679E-02  1.03533789E-03  6.11573025E-05
4.20602930E-02  9.13857058E-04  6.12513673E-05
4.21838181E-02  9.90540916E-04  6.08292185E-05
4.23073432E-02  1.05118277E-03  6.09517862E-05
4.24308683E-02  9.66167311E-04  6.06525310E-05
4.25543933E-02  9.34593730E-04  6.04671847E-05
4.26779184E-02  9.22320816E-04  6.05472536E-05
4.28014435E-02  9.21184377E-04  6.00140201E-05
4.29249686E-02  8.53652298E-04  6.00553678E-05
4.30484937E-02  9.70236763E-04  5.98655077E-05
4.31720188E-02  1.01732438E-03  5.98537072E-05
4.32955439E-02  9.53735174E-04  6.00052306E-05
4.34190690E-02  9.33256930E-04  5.92076890E-05
4.35425941E-02  9.62059147E-04  5.97306399E-05
4.36661191E-02  9.01018729E-04  5.89496384E-05
4.37896442E-02  9.44384996E-04  5.91606234E-05
4.39131693E-02  8.76398680E-04  5.89721455E-05
4.40366944E-02  9.98623630E-04  5.90683855E-05
4.41602195E-02  8.61537426E-04  5.88281820E-05
4.42837446E-02  8.95602956E-04  5.85954660E-05
4.44072697E-02  9.13371196E-04  5.84867566E-05
4.45307948E-02  9.49976771E-04  5.86684840E-05
4.46543199E-02  9.58622142E-04  5.81582305E-05
4.47778450E-02  9.13828915E-04  5.83974827E-05
4.49013700E-02  8.98067378E-04  5.79749290E-05
4.50248951E-02  8.59645591E-04  5.78137174E-05
4.51484202E-02  9.12188264E-04  5.78408210E-05
4.52719453E-02  9.33791646E-04  5.74847258E-05
4.53954704E-02  8.81173293E-04  5.77114204E-05
4.55189955E-02  9.35075462E-04  5.72429186E-05
4.56425206E-02  8.97371881E-04  5.73848748E-05
4.57660457E-02  9.34267039E-04  5.71041461E-05
4.58895708E-02  8.66563177E-04  5.69803847E-05
4.60130958E-02  9.62489885E-04  5.69485509E-05
4.61366209E-02  8.23841371E-04  5.69167594E-05
4.62601460E-02  7.68339003E-04  5.66043298E-05
4.63836711E-02  8.96955292E-04  5.64854485E-05
4.65071962E-02  9.40420928E-04  5.66173208E-05
4.66307213E-02  9.25918325E-04  5.62773958E-05
4.67542464E-02  8.76995735E-04  5.61919375E-05
4.68777715E-02  9.30766514E-04  5.61641806E-05
4.70012966E-02  8.40471824E-04  5.59246430E-05
4.71248217E-02  8.83337735E-04  5.60053120E-05
4.72483467E-02  9.83930025E-04  5.57775670E-05
4.73718718E-02  9.30207376E-04  5.58055595E-05
4.74953969E-02  8.30643054E-04  5.55469326E-05
4.76189220E-02  8.98047249E-04  5.54377935E-05
4.77424471E-02  8.77637660E-04  5.53992736E-05
4.78659722E-02  8.69264038E-04  5.51044500E-05
4.79894973E-02  8.21354817E-04  5.52465839E-05
4.81130224E-02  8.79167878E-04  5.49605767E-05
4.82365475E-02  8.74373043E-04  5.52334298E-05
4.83600726E-02  9.04508843E-04  5.47858196E-05
4.84835976E-02  8.15649906E-04  5.46458760E-05
4.86071227E-02  8.57141100E-04  5.47453759E-05
4.87306478E-02  8.29423879E-04  5.44642680E-05
4.88541729E-02  8.76372454E-04  5.46713045E-05
4.89776980E-02  8.58388791E-04  5.40879925E-05
4.91012231E-02  8.79474485E-04  5.43282566E-05
4.92247482E-02  8.62616863E-04  5.41722440E-05
4.93482733E-02  7.75793792E-04  5.39452687E-05
4.94717984E-02  8.98519094E-04  5.42524675E-05
4.95953234E-02  8.27743658E-04  5.36716989E-05
4.97188485E-02  9.15457912E-04  5.39964854E-05
4.98423736E-02  8.55517884E-04  5.37010114E-05
4.99658987E-02  8.37467959E-04  5.36508733E-05
5.00894238E-02  7.88075376E-04  5.35348282E-05
5.02129489E-02  8.36479072E-04  5.39646920E-05
5.03364740E-02  9.19387248E-04  5.44405287E-05
5.04599991E-02  7.67824578E-04  5.42453939E-05
5.05835242E-02  8.76961721E-04  5.45249775E-05
5.07070493E-02  7.44359116E-04  5.46229017E-05
5.08305743E-02  8.16694315E-04  5.44789035E-05
5.09540994E-02  8.68118987E-04  5.49968212E-05
5.10776245E-02  8.14439767E-04  5.45282756E-05
5.12011496E-02  8.51671290E-04  5.48126099E-05
5.13246747E-02  8.07476095E-04  5.47667501E-05
5.14481998E-02  8.70075248E-04  5.48333759E-05
5.15717249E-02  7.77675389E-04  5.48842262E-05
5.16952500E-02  8.13987548E-04  5.47424810E-05
5.18187751E-02  7.50019410E-04  5.43687429E-05
5.19423001E-02  8.43024565E-04  5.39004783E-05
5.20658252E-02  7.52440272E-04  5.37201379E-05
5.21893503E-02  8.08071404E-04  5.36165449E-05
5.23128754E-02  8.25179005E-04  5.34412853E-05
5.24364005E-02  7.88096480E-04  5.34316730E-05
5.25599256E-02  8.62976896E-04  5.29952302E-05
5.26834507E-02  8.54538799E-04  5.31005944E-05
5.28069758E-02  8.42346950E-04  5.29860737E-05
5.29305009E-02  8.03397700E-04  5.29663684E-05
5.30540260E-02  8.27199116E-04  5.29795845E-05
5.31775510E-02  8.37426190E-04  5.23378589E-05
5.33010761E-02  7.66098683E-04  5.26034028E-05
5.34246012E-02  8.13963293E-04  5.26707511E-05
5.35481263E-02  7.79063886E-04  5.24161062E-05
5.36716514E-02  7.89129791E-04  5.24452385E-05
5.37951765E-02  7.88872578E-04  5.20418532E-05
5.39187016E-02  7.97013458E-04  5.24512579E-05
5.40422267E-02  8.18838393E-04  5.20539514E-05
5.41657518E-02  8.25016273E-04  5.20835990E-05
5.42892768E-02  8.45697518E-04  5.19593492E-05
5.44128019E-02  7.58968913E-04  5.16889887E-05
5.45363270E-02  7.63303081E-04  5.21063065E-05
5.46598521E-02  8.18704505E-04  5.17331589E-05
5.47833772E-02  7.72276124E-04  5.16423433E-05
5.49069023E-02  6.93291530E-04  5.14984013E-05
5.50304274E-02  7.58146898E-04  5.14191041E-05
5.51539525E-02  6.35993261E-04  5.16532640E-05
5.52774776E-02  7.44587890E-04  5.13073348E-05
5.54010027E-02  7.58995216E-04  5.12829431E-05
5.55245277E-02  7.61360610E-04  5.14644968E-05
5.56480528E-02  7.34738411E-04  5.10298588E-05
5.57715779E-02  7.71445559E-04  5.11494638E-05
5.58951030E-02  6.92299880E-04  5.10824190E-05
5.60186281E-02  8.26945771E-04  5.10427837E-05
5.61421532E-02  7.96654070E-04  5.10089230E-05
5.62656783E-02  6.87084631E-04  5.07801155E-05
5.63892034E-02  7.52824579E-04  5.08047736E-05
5.65127285E-02  7.77205437E-04  5.08021715E-05
5.66362535E-02  7.65648362E-04  5.08485425E-05
5.67597786E-02  7.22413631E-04  5.05444370E-05
5.68833037E-02  7.80423832E-04  5.04818275E-05
5.70068288E-02  7.87798732E-04  5.05421646E-05
5.71303539E-02  7.15263428E-04  5.04614322E-05
5.72538790E-02  7.70066840E-04  5.04624189E-05
5.73774041E-02  7.75830616E-04  5.03244202E-05
5.75009292E-02  7.23646602E-04  5.02325420E-05
5.76244543E-02  6.26353877E-04  5.02335722E-05
5.77479794E-02  7.15433155E-04  5.01333077E-05
5.78715044E-02  6.86917174E-04  4.99876640E-05
5.79950295E-02  7.58169975E-04  4.98424962E-05
5.81185546E-02  8.04709892E-04  4.99731001E-05
5.82420797E-02  7.21547549E-04  4.98575492E-05
5.83656048E-02  7.26141004E-04  4.98260553E-05
5.84891299E-02  7.87387360E-04  4.96270612E-05
5.86126550E-02  7.70997490E-04  4.94279677E-05
5.87361801E-02  7.43235923E-04  4.97554368E-05
5.88597052E-02  7.58802212E-04  4.94201015E-05
5.89832302E-02  6.94110331E-04  4.93051564E-05
5.91067553E-02  6.73738256E-04  4.91486831E-05
5.92302804E-02  6.77438734E-04  4.92173748E-05
5.93538055E-02  7.43221440E-04  4.93366643E-05
5.94773306E-02  8.04634092E-04  4.90753915E-05
5.96008557E-02  7.87287198E-04  4.90180471E-05
5.97243808E-02  7.42220490E-04  4.90739831E-05
5.98479059E-02  8.26445451E-04  4.88561922E-05
5.99714310E-02  6.57255042E-04  4.89459461E-05
6.00949561E-02  6.33695034E-04  4.87128044E-05
6.02184811E-02  7.46977803E-04  4.87864603E-05
6.03420062E-02  5.84276047E-04  4.88305020E-05
6.04655313E-02  6.23388826E-04  4.85205381E-05
6.05890564E-02  7.81755269E-04  4.87301389E-05
6.07125815E-02  6.47614398E-04  4.84625484E-05
6.08361066E-02  7.12063210E-04  4.87801468E-05
6.09596317E-02  7.56328380E-04  4.85187271E-05
6.10831568E-02  6.18146354E-04  4.83210529E-05
6.12066819E-02  6.95750257E-04  4.84231603E-05
6.13302070E-02  7.43995471E-04  4.84038069E-05
6.14537320E-02  7.60593912E-04  4.84346755E-05
6.15772571E-02  6.92443826E-04  4.82106462E-05
6.17007822E-02  6.82247693E-04  4.80955689E-05
6.18243073E-02  6.33397932E-04  4.81413920E-05
6.19478324E-02  7.21053249E-04  4.79368622E-05
6.20713575E-02  6.83448822E-04  4.80246871E-05
6.21948826E-02  6.36187214E-04  4.77301766E-05
6.23184077E-02  7.13238888E-04  4.79025489E-05
6.24419328E-02  7.10795756E-04  4.77776192E-05
6.25654578E-02  6.08253112E-04  4.75349204E-05
6.26889829E-02  6.80430698E-04  4.76596429E-05
6.28125080E-02  6.79371892E-04  4.73347050E-05
6.29360331E-02  6.71556216E-04  4.78353940E-05
6.30595582E-02  7.11977324E-04  4.74890203E-05
6.31830833E-02  6.51857133E-04  4.72925941E-05
6.33066084E-02  6.38206933E-04  4.73101660E-05
6.34301335E-02  6.04744905E-04  4.72150674E-05
6.35536586E-02  6.40010651E-04  4.74376033E-05
6.36771837E-02  6.23940354E-04  4.70350280E-05
6.38007087E-02  7.24647840E-04  4.71829429E-05
6.39242338E-02  6.75377137E-04  4.72032881E-05
6.40477589E-02  6.69233886E-04  4.68272283E-05
6.41712840E-02  6.35835765E-04  4.70769775E-05
6.42948091E-02  6.86399711E-04  4.68861253E-05
6.44183342E-02  6.47069076E-04  4.69085582E-05
6.45418593E-02  6.64861604E-04  4.71666983E-05
6.46653844E-02  7.07295326E-04  4.67969472E-05
6.47889095E-02  6.52517922E-04  4.67816510E-05
6.49124345E-02  5.32002605E-04  4.65826321E-05
6.50359596E-02  6.35011046E-04  4.67300664E-05
6.51594847E-02  6.83592471E-04  4.67683160E-05
6.52830098E-02  6.10902036E-04  4.66273536E-05
6.54065349E-02  6.54814388E-04  4.66881310E-05
6.55300600E-02  6.74699652E-04  4.64365061E-05
6.56535851E-02  6.11434427E-04  4.64646357E-05
6.57771102E-02  6.24409797E-04  4.65223617E-05
6.59006353E-02  5.81469541E-04  4.63586133E-05
6.60241604E-02  6.61620082E-04  4.64556989E-05
6.61476854E-02  6.53036738E-04  4.62931848E-05
6.62712105E-02  6.04675221E-04  4.61382760E-05
6.63947356E-02  6.74915674E-04  4.62341015E-05
6.65182607E-02  6.77877431E-04  4.61531827E-05
6.66417858E-02  5.88674128E-04  4.61645363E-05
6.67653109E-02  6.06754708E-04  4.59734864E-05
6.68888360E-02  6.74831431E-04  4.61147997E-05
6.70123611E-02  5.82621516E-04  4.58503753E-05
6.71358862E-02  6.31648374E-04  4.60297250E-05
6.72594112E-02  6.24532438E-04  4.58740311E-05
6.73829363E-02  5.89372364E-04  4.57621616E-05
6.75064614E-02  5.83611611E-04  4.58245219E-05
6.76299865E-02  6.64757912E-04  4.56613194E-05
6.77535116E-02  5.92918570E-04  4.58224996E-05
6.78770367E-02  6.05925412E-04  4.54826259E-05
6.80005618E-02  6.06270102E-04  4.56255740E-05
6.81240869E-02  5.68997647E-04  4.55678114E-05
6.82476120E-02  6.14979283E-04  4.54523686E-05
6.83711371E-02  6.11476177E-04  4.54984317E-05
6.84946621E-02  6.78363769E-04  4.53594753E-05
6.86181872E-02  6.32667056E-04  4.54601993E-05
6.87417123E-02  6.51656015E-04  4.53484134E-05
6.88652374E-02  5.98593738E-04  4.52093187E-05
6.89887625E-02  5.97342179E-04  4.52573855E-05
6.91122876E-02  5.21846010E-04  4.49736189E-05
6.92358127E-02  5.56083589E-04  4.52350296E-05
6.93593378E-02  6.21234989E-04  4.50711974E-05
6.94828629E-02  5.67832030E-04  4.49792154E-05
6.96063879E-02  5.56857029E-04  4.51272154E-05
6.97299130E-02  6.36536889E-04  4.48528642E-05
6.98534381E-02  5.73964287E-04  4.49381868E-05
6.99769632E-02  5.40705905E-04  4.47192837E-05
7.01004883E-02  5.60185013E-04  4.48622406E-05
7.02240134E-02  5.33995079E-04  4.47435102E-05
7.03475385E-02  5.71705849E-04  4.46045553E-05
7.04710636E-02  5.59642639E-04  4.47615305E-05
7.05945887E-02  5.82457177E-04  4.44753273E-05
7.07181138E-02  5.55404791E-04  4.46216904E-05
7.08416388E-02  5.26443440E-04  4.45448781E-05
7.09651639E-02  5.94933044E-04  4.44700754E-05
7.10886890E-02  5.56791527E-04  4.44726211E-05
7.12122141E-02  6.12248264E-04  4.42414674E-05
7.13357392E-02  5.99964843E-04  4.44453469E-05
7.14592643E-02  5.72030065E-04  4.42911572E-05
7.15827894E-02  4.87731790E-04  4.41447329E-05
7.17063145E-02  5.24408747E-04  4.42953166E-05
7.18298396E-02  4.73199610E-04  4.39306145E-05
7.19533647E-02  5.34296987E-04  4.42971528E-05
7.20768897E-02  5.89491132E-04  4.40316727E-05
7.22004148E-02  5.34954228E-04  4.39792873E-05
7.23239399E-02  6.06034511E-04  4.41222085E-05
7.24474650E-02  6.13366424E-04  4.38592351E-05
7.25709901E-02  4.72437976E-04  4.40987817E-05
7.26945152E-02  6.00968557E-04  4.38871058E-05
7.28180403E-02  5.85360422E-04  4.38086610E-05
7.29415654E-02  5.57415287E-04  4.39787398E-05
7.30650905E-02  5.55806983E-04  4.36800631E-05
7.31886155E-02  5.76064608E-04  4.38517941E-05
7.33121406E-02  5.58401300E-04  4.36409054E-05
7.34356657E-02  5.05715939E-04  4.36473718E-05
7.35591908E-02  5.95919518E-04  4.37503962E-05
7.36827159E-02  5.26263399E-04  4.35796276E-05
7.38062410E-02  4.72083416E-04  4.36229200E-05
7.39297661E-02  5.40821580E-04  4.34369631E-05
7.40532912E-02  5.65400504E-04  4.35964918E-05
7.41768163E-02  5.14558487E-04  4.34470284E-05
7.43003414E-02  5.89703361E-04  4.34317980E-05
7.44238664E-02  4.95209706E-04  4.34870126E-05
7.45473915E-02  5.91942468E-04  4.31985708E-05
7.46709166E-02  5.14437323E-04  4.34145010E-05
7.47944417E-02  4.89734037E-04  4.31801587E-05
7.49179668E-02  4.60505152E-04  4.32660770E-05
7.50414919E-02  5.18702119E-04  4.31586249E-05
7.51650170E-02  5.56963896E-04  4.30808653E-05
7.52885421E-02  5.04379444E-04  4.31041580E-05
7.54120672E-02  5.40683184E-04  4.29550641E-05
7.55355922E-02  5.30266318E-04  4.31007107E-05
7.56591173E-02  5.83145553E-04  4.28881882E-05
7.57826424E-02  5.93538123E-04  4.30080843E-05
7.59061675E-02  5.31251507E-04  4.29353887E-05
7.60296926E-02  5.37348289E-04  4.28092859E-05
7.61532177E-02  4.68402362E-04  4.28084312E-05
7.62767428E-02  4.67557597E-04  4.27293345E-05
7.64002679E-02  4.45105240E-04  4.28404090E-05
7.65237930E-02  5.81052002E-04  4.27318420E-05
7.66473181E-02  5.24163094E-04  4.26387262E-05
7.67708431E-02  5.46862762E-04  4.27687543E-05
7.68943682E-02  4.70107355E-04  4.25234431E-05
7.70178933E-02  5.45257994E-04  4.29324698E-05
7.71414184E-02  5.63276821E-04  4.30353222E-05
7.72649435E-02  5.46015188E-04  4.31295918E-05
7.73884686E-02  5.26087830E-04  4.33284077E-05
7.75119937E-02  5.54537918E-04  4.32152017E-05
7.76355188E-02  4.94360073E-04  4.35379967E-05
7.77590439E-02  5.69526389E-04  4.32225220E-05
7.78825689E-02  4.77768190E-04  4.35719791E-05
7.80060940E-02  5.57963341E-04  4.36057095E-05
7.81296191E-02  4.94459181E-04  4.34139414E-05
7.82531442E-02  5.44157147E-04  4.36905195E-05
7.83766693E-02  5.08929503E-04  4.34511798E-05
7.85001944E-02  4.68552810E-04  4.37466691E-05
7.86237195E-02  4.53782422E-04  4.37986702E-05
7.87472446E-02  4.57217613E-04  4.33940560E-05
7.88707697E-02  4.99741265E-04  4.38295149E-05
7.89942948E-02  4.42327761E-04  4.36545137E-05
7.91178198E-02  4.60910838E-04  4.37633395E-05
7.92413449E-02  5.03555678E-04  4.37736255E-05
7.93648700E-02  4.98191141E-04  4.36049423E-05
7.94883951E-02  5.09415126E-04  4.39185485E-05
7.96119202E-02  3.94657748E-04  4.35904387E-05
7.97354453E-02  5.20802679E-04  4.39035934E-05
7.98589704E-02  5.08113465E-04  4.36717607E-05
7.99824955E-02  5.03206681E-04  4.38119599E-05
8.01060206E-02  4.64164261E-04  4.38187126E-05
8.02295456E-02  4.17419005E-04  4.37914054E-05
8.03530707E-02  4.72787280E-04  4.38566556E-05
8.04765958E-02  5.06801809E-04  4.37350202E-05
8.06001209E-02  4.81386370E-04  4.38695280E-05
8.07236460E-02  4.55138251E-04  4.38618999E-05
8.08471711E-02  5.36561751E-04  4.37545495E-05
8.09706962E-02  4.91277862E-04  4.39365911E-05
8.10942213E-02  4.54030335E-04  4.37742157E-05
8.12177464E-02  5.09959920E-04  4.39191905E-05
8.13412715E-02  3.93376226E-04  4.37067603E-05
8.14647965E-02  4.61297396E-04  4.37869490E-05
8.15883216E-02  4.93706674E-04  4.39905444E-05
8.17118467E-02  4.84786981E-04  4.37398088E-05
8.18353718E-02  4.73726274E-04  4.39237779E-05
8.19588969E-02  4.78615146E-04  4.36585361E-05
8.20824220E-02  4.47357425E-04  4.38888958E-05
8.22059471E-02  4.46869556E-04  4.38284856E-05
8.23294722E-02  4.29074400E-04  4.36537885E-05
8.24529973E-02  3.88854910E-04  4.38556407E-05
8.25765223E-02  4.40253746E-04  4.36199008E-05
8.27000474E-02  4.42757853E-04  4.38251188E-05
8.28235725E-02  4.79416771E-04  4.37402495E-05
8.29470976E-02  4.18485741E-04  4.35716382E-05
8.30706227E-02  4.38438972E-04  4.37008849E-05
8.31941478E-02  4.96392893E-04  4.35768485E-05
8.33176729E-02  4.85807324E-04  4.36203340E-05
8.34411980E-02  4.03394524E-04  4.35709912E-05
8.35647231E-02  4.48266051E-04  4.34083673E-05
8.36882482E-02  4.22251980E-04  4.36615043E-05
8.38117732E-02  4.49513215E-04  4.33226202E-05
8.39352983E-02  4.32293615E-04  4.36669230E-05
8.40588234E-02  4.85865639E-04  4.32962992E-05
8.41823485E-02  4.48112387E-04  4.34774696E-05
8.43058736E-02  3.73730022E-04  4.34941188E-05
8.44293987E-02  4.22213824E-04  4.33094961E-05
8.46146863E-02  4.37858027E-04  3.07306507E-05
8.47999740E-02  4.85633681E-04  4.34583261E-05
8.49234991E-02  4.98239477E-04  4.33796513E-05
8.50470241E-02  4.14734296E-04  4.32022890E-05
8.51705492E-02  4.79690041E-04  4.34537497E-05
8.52940743E-02  4.08969757E-04  4.31831681E-05
8.54175994E-02  4.58323916E-04  4.33768224E-05
8.55411245E-02  4.23423749E-04  4.32217958E-05
8.56646496E-02  4.33493435E-04  4.30738038E-05
8.57881747E-02  4.66847512E-04  4.34449392E-05
8.59116998E-02  4.46135309E-04  4.30776900E-05
8.60352249E-02  4.30969711E-04  4.33366698E-05
8.61587499E-02  4.22469061E-04  4.30169795E-05
8.62822750E-02  3.62143570E-04  4.30602371E-05
8.64675627E-02  3.92715926E-04  3.04296387E-05
8.66528503E-02  4.32308918E-04  4.31679103E-05
8.67763754E-02  4.55226649E-04  4.28987245E-05
8.68999005E-02  4.03161771E-04  4.31506492E-05
8.70234256E-02  4.61465320E-04  4.30669036E-05
8.71469507E-02  3.33389015E-04  4.28152944E-05
8.72704758E-02  4.16505393E-04  4.30697801E-05
8.73940008E-02  4.28928735E-04  4.28939242E-05
8.75175259E-02  4.14691309E-04  4.30505025E-05
8.76410510E-02  4.31680403E-04  4.29419819E-05
8.77645761E-02  4.09458949E-04  4.28852142E-05
8.79498637E-02  3.89162821E-04  3.03141455E-05
8.81351514E-02  4.06122472E-04  4.30491537E-05
8.82586765E-02  4.41830838E-04  4.28283245E-05
8.83822016E-02  3.68395567E-04  4.29593145E-05
8.85057266E-02  4.19954683E-04  4.28651165E-05
8.86292517E-02  3.36543948E-04  4.27539267E-05
8.87527768E-02  3.43974289E-04  4.29181160E-05
8.88763019E-02  3.88068528E-04  4.27069707E-05
8.89998270E-02  4.29254767E-04  4.28916434E-05
8.91233521E-02  3.43080679E-04  4.28135518E-05
8.93086397E-02  3.78128671E-04  3.02766540E-05
8.94939274E-02  4.23515947E-04  4.26570802E-05
8.96174525E-02  3.84533383E-04  4.28522280E-05
8.97409775E-02  3.93629667E-04  4.26796227E-05
8.98645026E-02  4.66421789E-04  4.27855055E-05
8.99880277E-02  3.74846125E-04  4.27336779E-05
9.01115528E-02  4.28146078E-04  4.27810495E-05
9.02350779E-02  3.60593140E-04  4.27825990E-05
9.04203655E-02  3.58480220E-04  3.01175133E-05
9.06056532E-02  3.77422412E-04  4.26268624E-05
9.07291783E-02  3.70255337E-04  4.27391297E-05
9.08527033E-02  4.73278178E-04  4.27391428E-05
9.09762284E-02  3.96634993E-04  4.24499275E-05
9.10997535E-02  3.94534603E-04  4.26872851E-05
9.12232786E-02  3.38558953E-04  4.25433765E-05
9.14085663E-02  3.68401559E-04  3.00995518E-05
9.15938539E-02  4.15057416E-04  4.25303299E-05
9.17173790E-02  3.95424846E-04  4.26736544E-05
9.18409041E-02  3.78222436E-04  4.24089617E-05
9.19644292E-02  3.52156221E-04  4.24610666E-05
9.20879542E-02  3.06877606E-04  4.25491028E-05
9.22114793E-02  3.70133900E-04  4.24145325E-05
9.23967670E-02  3.74600239E-04  3.00711533E-05
9.25820546E-02  4.00615959E-04  4.23874230E-05
9.27055797E-02  3.87641992E-04  4.24395323E-05
9.28291048E-02  3.76801864E-04  4.23190621E-05
9.29526299E-02  3.93796043E-04  4.25259627E-05
9.30761550E-02  3.63181370E-04  4.22590188E-05
9.32614426E-02  3.46948649E-04  2.99841609E-05
9.34467302E-02  4.17715469E-04  4.23171394E-05
9.35702553E-02  3.44018449E-04  4.23223888E-05
9.36937804E-02  3.99623179E-04  4.22735148E-05
9.38173055E-02  3.39652816E-04  4.23911821E-05
9.39408306E-02  3.83731774E-04  4.22508989E-05
9.41261182E-02  3.74892352E-04  2.98757928E-05
9.43114059E-02  3.28752332E-04  4.22032303E-05
9.44349309E-02  3.58541582E-04  4.23091767E-05
9.45584560E-02  3.20961229E-04  4.20970689E-05
9.46819811E-02  3.35627992E-04  4.21579342E-05
9.48055062E-02  3.42260308E-04  4.22748344E-05
9.49907938E-02  3.42267065E-04  2.98253328E-05
9.51760815E-02  3.88248118E-04  4.19611728E-05
9.52996066E-02  3.81243048E-04  4.22298184E-05
9.54231317E-02  3.66739228E-04  4.20873654E-05
9.55466568E-02  3.83218674E-04  4.21167395E-05
9.57319444E-02  3.41839433E-04  2.97351074E-05
9.59172320E-02  3.43190602E-04  4.21708168E-05
9.60407571E-02  3.23912485E-04  4.20240623E-05
9.61642822E-02  3.43592826E-04  4.20683606E-05
9.62878073E-02  4.03626726E-04  4.21528514E-05
9.64730949E-02  3.52205883E-04  3.01207631E-05
9.66583826E-02  4.53312979E-04  4.27674100E-05
9.67819076E-02  3.33282138E-04  4.28590116E-05
9.69054327E-02  3.29828913E-04  4.29462550E-05
9.70289578E-02  2.96197333E-04  4.30823348E-05
9.72142455E-02  3.68873835E-04  3.05413300E-05
9.73995331E-02  3.53152885E-04  4.33748636E-05
9.75230582E-02  3.17168219E-04  4.32601200E-05
9.76465833E-02  3.23160619E-04  4.34708269E-05
9.78318709E-02  3.83690184E-04  3.07441670E-05
9.80171585E-02  3.51294374E-04  4.37268686E-05
9.81406836E-02  3.26514146E-04  4.35296943E-05
9.82642087E-02  3.46560105E-04  4.36705226E-05
9.83877338E-02  2.59601987E-04  4.37606362E-05
9.85730214E-02  3.50027835E-04  3.10152779E-05
9.87583091E-02  2.49063402E-04  4.38390170E-05
9.88818342E-02  2.59681780E-04  4.38669803E-05
9.90053593E-02  2.81463296E-04  4.39233878E-05
9.91906469E-02  3.44380853E-04  3.11829936E-05
9.93759345E-02  3.52445653E-04  4.39777691E-05
9.94994596E-02  3.02323349E-04  4.41038831E-05
9.96229847E-02  3.39445467E-04  4.41161711E-05
9.98082723E-02  3.14535048E-04  3.12802082E-05
9.99935600E-02  2.66748567E-04  4.41054851E-05
1.00117085E-01  3.14003764E-04  4.43717558E-05
1.00240610E-01  2.73009072E-04  4.43080365E-05
1.00425898E-01  2.46714857E-04  3.13444241E-05
1.00611185E-01  3.51196860E-04  4.43484107E-05
1.00734711E-01  3.32636611E-04  4.45396273E-05
1.00858236E-01  3.31734158E-04  4.45957389E-05
1.01043523E-01  2.83898748E-04  3.14103014E-05
1.01228811E-01  3.37742042E-04  4.39555250E-05
1.01352336E-01  2.71387187E-04  4.38388581E-05
1.01475861E-01  3.39673417E-04  4.38066421E-05
1.01661149E-01  3.08219728E-04  3.07799336E-05
1.01846436E-01  2.91635077E-04  4.35232450E-05
1.01969961E-01  3.73605300E-04  4.34668334E-05
1.02155249E-01  3.01599476E-04  3.05776344E-05
1.02340537E-01  2.77979674E-04  4.30741501E-05
1.02464062E-01  2.66364472E-04  4.30502474E-05
1.02587587E-01  2.68794653E-04  4.29913094E-05
1.02772874E-01  2.94390732E-04  3.04031579E-05
1.02958162E-01  3.31668628E-04  4.33670664E-05
1.03081687E-01  2.72439626E-04  4.34745229E-05
1.03266975E-01  3.09641028E-04  3.08315878E-05
1.03452262E-01  3.39323595E-04  4.39160422E-05
1.03575788E-01  3.44617130E-04  4.38938958E-05
1.03699313E-01  3.15769402E-04  4.39042218E-05
1.03884600E-01  3.14663285E-04  3.11103487E-05
1.04069888E-01  3.01328510E-04  4.42907984E-05
1.04193413E-01  2.18200723E-04  4.39697193E-05
1.04378701E-01  2.84729327E-04  3.12978389E-05
1.04563988E-01  2.26475208E-04  4.43310549E-05
1.04687513E-01  2.93660010E-04  4.41931506E-05
1.04872801E-01  2.84951756E-04  3.14216320E-05
1.05058089E-01  3.30178998E-04  4.45491318E-05
1.05181614E-01  2.96875235E-04  4.44793891E-05
1.05366901E-01  2.90997428E-04  3.13980903E-05
1.05552189E-01  3.07817883E-04  4.47176252E-05
1.05675714E-01  2.72550946E-04  4.46555980E-05
1.05799239E-01  1.93781028E-04  4.46912301E-05
1.05984527E-01  2.87675797E-04  3.15107458E-05
1.06169814E-01  2.81457647E-04  4.48979866E-05
1.06293340E-01  3.01243254E-04  4.45358432E-05
1.06478627E-01  3.16309904E-04  3.16708589E-05
1.06663915E-01  2.85764830E-04  4.48456166E-05
1.06787440E-01  3.73111791E-04  4.48011675E-05
1.06972728E-01  3.05990399E-04  3.16799839E-05
1.07158015E-01  2.48682331E-04  4.50206660E-05
1.07281540E-01  3.04218055E-04  4.50229747E-05
1.07466828E-01  2.82918850E-04  3.17326416E-05
1.07652116E-01  3.08702165E-04  4.49734303E-05
1.07775641E-01  2.57987454E-04  4.51290059E-05
1.07960928E-01  2.74183224E-04  3.17612257E-05
1.08146216E-01  2.70645185E-04  4.51841463E-05
1.08331504E-01  2.87250326E-04  3.18221804E-05
1.08516791E-01  2.86294435E-04  4.49789630E-05
1.08640316E-01  2.55111936E-04  4.51227087E-05
1.08825604E-01  2.52784905E-04  3.18748863E-05
1.09010892E-01  2.85545539E-04  4.48736945E-05
1.09134417E-01  2.58973154E-04  4.51765937E-05
1.09319704E-01  2.35211332E-04  3.18577094E-05
1.09504992E-01  2.53473623E-04  4.49024932E-05
1.09628517E-01  2.75127077E-04  4.50956790E-05
1.09813805E-01  2.35752466E-04  3.19179726E-05
1.09999092E-01  2.86938344E-04  4.49809568E-05
1.10184380E-01  2.79574950E-04  3.19107322E-05
1.10369667E-01  2.85942915E-04  4.52383910E-05
1.10493193E-01  2.12335499E-04  4.50361389E-05
1.10678480E-01  2.31901329E-04  3.18944887E-05
1.10863768E-01  2.89131928E-04  4.51673422E-05
1.10987293E-01  3.27624687E-04  4.51894540E-05
1.11172581E-01  2.74219016E-04  3.18935565E-05
1.11357868E-01  2.51390746E-04  4.52769286E-05
1.11543156E-01  2.47518261E-04  3.19342955E-05
1.11728443E-01  2.98104131E-04  4.52182085E-05
1.11851969E-01  2.05215964E-04  4.51744847E-05
1.12037256E-01  2.47665969E-04  3.19720311E-05
1.12222544E-01  3.03953314E-04  4.50785994E-05
1.12407831E-01  2.60915276E-04  3.20322958E-05
1.12593119E-01  2.57034015E-04  4.52598210E-05
1.12716644E-01  2.02496544E-04  4.51084802E-05
1.12901932E-01  2.49905177E-04  3.20887945E-05
1.13087219E-01  2.46655472E-04  4.52585980E-05
1.13272507E-01  2.02960755E-04  3.19638112E-05
1.13457795E-01  2.20681847E-04  4.54183110E-05
1.13643082E-01  2.28242120E-04  3.21196993E-05
1.13828370E-01  2.34434507E-04  4.54586596E-05
1.13951895E-01  2.62088348E-04  4.53019688E-05
1.14137183E-01  2.53333934E-04  3.21167268E-05
1.14322470E-01  2.16251151E-04  4.53965782E-05
1.14507758E-01  2.12559435E-04  3.21452139E-05
1.14693046E-01  2.64801820E-04  4.53035118E-05
1.14878333E-01  2.66200240E-04  3.20831059E-05
1.15063621E-01  2.22090214E-04  4.54958610E-05
1.15187146E-01  2.18639208E-04  4.53161003E-05
1.15372434E-01  2.23676169E-04  3.20348383E-05
1.15557721E-01  2.81965254E-04  4.52723870E-05
1.15743009E-01  2.18961065E-04  3.21149987E-05
1.15928297E-01  2.12884368E-04  4.53582552E-05
1.16113584E-01  2.26363463E-04  3.20930626E-05
1.16298872E-01  2.61245177E-04  4.57043436E-05
1.16484159E-01  2.04411495E-04  3.24643808E-05
1.16669447E-01  3.19906131E-04  4.61645427E-05
1.16792972E-01  1.64068854E-04  4.61310788E-05
1.16978260E-01  2.44164417E-04  3.27045419E-05
1.17163547E-01  1.87413974E-04  4.62320342E-05
1.17348835E-01  2.42575775E-04  3.28667484E-05
1.17534123E-01  2.24013233E-04  4.64558214E-05
1.17719410E-01  2.05297448E-04  3.29837916E-05
1.17904698E-01  2.19851828E-04  4.67675825E-05
1.18089986E-01  2.24227551E-04  3.30383320E-05
1.18275273E-01  2.47362757E-04  4.69614508E-05
1.18460561E-01  1.40936338E-04  3.31468868E-05
1.18645848E-01  3.24466932E-04  4.70437670E-05
1.18831136E-01  1.94110010E-04  3.31548454E-05
1.19016424E-01  2.39015197E-04  4.68441224E-05
1.19201711E-01  2.11279998E-04  3.31731306E-05
1.19386999E-01  2.52987028E-04  4.69977079E-05
1.19572287E-01  2.47791637E-04  3.31359990E-05
1.19757574E-01  2.36320527E-04  4.69088064E-05
1.19942862E-01  2.65645570E-04  3.31596712E-05
1.20128150E-01  2.11893983E-04  4.70015664E-05
1.20313437E-01  2.06778425E-04  3.30311173E-05
1.20498725E-01  1.95451628E-04  4.68151752E-05
1.20684012E-01  1.98412963E-04  3.31430890E-05
1.20869300E-01  1.73042078E-04  4.68184476E-05
1.21054588E-01  2.41022802E-04  3.30787805E-05
1.21239875E-01  2.40184179E-04  4.66337240E-05
1.21425163E-01  2.19756282E-04  3.31194047E-05
1.21610451E-01  1.62850778E-04  4.66824641E-05
1.21795738E-01  1.77575365E-04  3.30142529E-05
1.21981026E-01  2.03288651E-04  4.66287300E-05
1.22166314E-01  2.07739155E-04  3.30652222E-05
1.22351601E-01  1.28998071E-04  4.65846488E-05
1.22536889E-01  1.88731011E-04  3.29639203E-05
1.22722176E-01  2.87571730E-04  4.67610297E-05
1.22907464E-01  1.78615225E-04  3.29510351E-05
1.23092752E-01  2.60252688E-04  4.66338633E-05
1.23278039E-01  1.88887828E-04  3.29884022E-05
1.23525090E-01  1.99405201E-04  3.28815363E-05
1.23710377E-01  1.87510085E-04  4.65338386E-05
1.23895665E-01  2.28237119E-04  3.28569780E-05
1.24080952E-01  1.41369867E-04  4.63755216E-05
1.24266240E-01  1.95184236E-04  3.28239757E-05
1.24451528E-01  1.92886459E-04  4.63773250E-05
1.24636815E-01  2.07915411E-04  3.27383700E-05
1.24822103E-01  1.52909054E-04  4.64323965E-05
1.25007391E-01  2.04029830E-04  3.27296627E-05
1.25254441E-01  1.79006047E-04  3.26464646E-05
1.25439728E-01  2.22179678E-04  4.62513143E-05
1.25625016E-01  1.73449260E-04  3.26119391E-05
1.25810304E-01  1.28215453E-04  4.59893871E-05
1.25995591E-01  2.01097947E-04  3.25796044E-05
1.26180879E-01  1.82428893E-04  4.59479040E-05
1.26366167E-01  2.01927782E-04  3.25436463E-05
1.26613217E-01  1.61292157E-04  3.25198402E-05
1.26798504E-01  1.88994076E-04  4.57139217E-05
1.26983792E-01  1.88195224E-04  3.24361268E-05
1.27169080E-01  2.04965473E-04  4.60244973E-05
1.27354367E-01  1.72595465E-04  3.23538223E-05
1.27539655E-01  2.21589996E-04  4.59100019E-05
1.27724943E-01  1.91308634E-04  3.24011225E-05
1.27971993E-01  1.85684789E-04  3.23959280E-05
1.28157280E-01  1.77662387E-04  4.58402453E-05
1.28342568E-01  1.64896320E-04  3.23517691E-05
1.28527856E-01  1.84824578E-04  4.57361582E-05
1.28713143E-01  1.68131540E-04  3.23684673E-05
1.28960193E-01  1.93122887E-04  3.22971281E-05
1.29145481E-01  1.79899453E-04  4.56587041E-05
1.29330769E-01  1.80445815E-04  3.23159351E-05
1.29577819E-01  1.15477882E-04  3.22888861E-05
1.29763107E-01  1.99722373E-04  4.56581154E-05
1.29948394E-01  1.94119000E-04  3.22603150E-05
1.30133682E-01  1.33965818E-04  4.55754932E-05
1.30318969E-01  1.17326726E-04  3.22914656E-05
1.30566020E-01  1.92867240E-04  3.22382989E-05
1.30751307E-01  1.86152531E-04  4.57147535E-05
1.30936595E-01  1.46506605E-04  3.22083624E-05
1.31183645E-01  1.31444958E-04  3.22154054E-05
1.31368933E-01  1.49674777E-04  4.55869918E-05
1.31554220E-01  1.23912971E-04  3.21675400E-05
1.31801271E-01  1.96517281E-04  3.21511155E-05
1.31986558E-01  1.86205787E-04  4.56160317E-05
1.32171846E-01  1.84826828E-04  3.21824728E-05
1.32357133E-01  2.18481312E-04  4.54649578E-05
1.32542421E-01  1.48125885E-04  3.21282843E-05
1.32789471E-01  1.55026641E-04  3.20914794E-05
1.32974759E-01  1.64426625E-04  4.52826156E-05
1.33160047E-01  1.86508298E-04  3.21048362E-05
1.33407097E-01  2.11729858E-04  3.20876751E-05
1.33592384E-01  1.06270674E-04  4.51699856E-05
1.33777672E-01  1.39369804E-04  3.21126676E-05
1.34024722E-01  1.40221122E-04  3.20573887E-05
1.34210010E-01  1.49990433E-04  4.50772036E-05
1.34395297E-01  1.25894743E-04  3.21036133E-05
1.34642348E-01  1.51621411E-04  3.20123599E-05
1.34889398E-01  1.79328157E-04  3.19807785E-05
1.35074685E-01  1.84794467E-04  4.51840237E-05
1.35259973E-01  1.80221225E-04  3.19989865E-05
1.35507023E-01  1.52648554E-04  3.19822363E-05
1.35692311E-01  1.21069817E-04  4.50180212E-05
1.35877598E-01  1.52712500E-04  3.20195004E-05
1.36124649E-01  1.06299618E-04  3.19489612E-05
1.36309936E-01  1.32971315E-04  4.49666355E-05
1.36495224E-01  1.17982504E-04  3.19623283E-05
1.36742274E-01  1.94170116E-04  3.19428169E-05
1.36989324E-01  1.48784897E-04  3.18575687E-05
1.37174612E-01  1.48285790E-04  4.50350185E-05
1.37359900E-01  1.50769697E-04  3.18818577E-05
1.37606950E-01  1.41272059E-04  3.18772433E-05
1.37792237E-01  1.29434475E-04  4.50700335E-05
1.37977525E-01  1.29734100E-04  3.18053560E-05
1.38224575E-01  9.58287684E-05  3.18431900E-05
1.38471625E-01  1.66496621E-04  3.17651140E-05
1.38656913E-01  1.57159263E-04  4.50354895E-05
1.38842201E-01  1.47867883E-04  3.18409670E-05
1.39089251E-01  1.52806206E-04  3.17503124E-05
1.39274538E-01  1.37142629E-04  4.49799907E-05
1.39459826E-01  1.36342288E-04  3.17672565E-05
1.39706876E-01  1.18745283E-04  3.17746843E-05
1.39953926E-01  1.37832775E-04  3.17207698E-05
1.40139214E-01  1.54571502E-04  4.48843411E-05
1.40324502E-01  9.84378605E-05  3.17096883E-05
1.40571552E-01  1.84186531E-04  3.16939577E-05
1.40818602E-01  1.31541496E-04  3.17195585E-05
1.41065652E-01  1.60734147E-04  3.16440938E-05
1.41250940E-01  2.11180047E-04  4.48266712E-05
1.41436228E-01  1.29875474E-04  3.16684258E-05
1.41683278E-01  1.66707633E-04  3.16262696E-05
1.41930328E-01  1.43782778E-04  3.16522141E-05
1.42115616E-01  2.36918686E-04  4.48125575E-05
1.42300903E-01  1.74665014E-04  3.16347686E-05
1.42547953E-01  1.31052696E-04  3.16385199E-05
1.42795003E-01  1.41529954E-04  3.15759332E-05
1.42980291E-01  3.60740804E-05  4.47519020E-05
1.43165579E-01  1.37260249E-04  3.15553378E-05
1.43412629E-01  1.05665880E-04  3.15119778E-05
1.43659679E-01  1.29624274E-04  3.15902050E-05
1.43906729E-01  1.28684101E-04  3.15801792E-05
1.44092017E-01  1.15910651E-04  4.45196547E-05
1.44277305E-01  1.22923008E-04  3.14997933E-05
1.44524355E-01  1.19431766E-04  3.15626018E-05
1.44771405E-01  1.18988447E-04  3.14627492E-05
1.45018455E-01  1.77309596E-04  3.14886754E-05
1.45203743E-01  1.95899568E-04  4.46437843E-05
1.45389030E-01  1.51657861E-04  3.14137388E-05
1.45636081E-01  1.61152636E-04  3.14672843E-05
1.45883131E-01  1.85081559E-04  3.13669798E-05
1.46130181E-01  1.13228463E-04  3.14613413E-05
1.46377231E-01  1.30728220E-04  3.14183276E-05
1.46562519E-01  1.64905211E-04  4.43117982E-05
1.46747806E-01  1.28670531E-04  3.14144016E-05
1.46994857E-01  1.12834278E-04  3.13147675E-05
1.47241907E-01  1.29036723E-04  3.14151491E-05
1.47488957E-01  1.22213484E-04  3.11760966E-05
1.47736007E-01  1.20622660E-04  3.13667054E-05
1.47921295E-01  1.46828362E-04  4.42861887E-05
1.48106582E-01  1.32247473E-04  3.12424245E-05
1.48353633E-01  1.25312558E-04  3.13097190E-05
1.48600683E-01  1.64121781E-04  3.12430785E-05
1.48847733E-01  1.22938622E-04  3.12589283E-05
1.49094783E-01  1.16549975E-04  3.12525060E-05
1.49341833E-01  1.55832677E-04  3.12927227E-05
1.49527121E-01  9.69228536E-05  4.40008510E-05
1.49712409E-01  1.13302535E-04  3.11682183E-05
1.49959459E-01  9.12941597E-05  3.12481759E-05
1.50206509E-01  1.42882089E-04  3.11516235E-05
1.50453559E-01  1.58909827E-04  3.12205977E-05
1.50700609E-01  1.50069935E-04  3.11194018E-05
1.50947659E-01  1.33373489E-04  3.12297005E-05
1.51194710E-01  1.24985643E-04  3.11178390E-05
1.51441760E-01  1.16871861E-04  3.11250801E-05
1.51627047E-01  1.31429931E-04  4.39782577E-05
1.51812335E-01  1.14202038E-04  3.11134752E-05
1.52059385E-01  6.14046831E-05  3.11041938E-05
1.52306435E-01  1.51370670E-04  3.10580757E-05
1.52553486E-01  1.67669824E-04  3.11137199E-05
1.52800536E-01  1.14312967E-04  3.10053225E-05
1.53047586E-01  1.28373601E-04  3.10988691E-05
1.53294636E-01  1.52645944E-04  3.10782822E-05
1.53541686E-01  1.15650451E-04  3.09797992E-05
1.53788736E-01  9.18704895E-05  3.09799203E-05
1.54035787E-01  9.25622624E-05  3.09801339E-05
1.54221074E-01  1.84629434E-04  4.39009511E-05
1.54406362E-01  1.35280965E-04  3.09513602E-05
1.54653412E-01  1.01094344E-04  3.09745989E-05
1.54900462E-01  1.35777980E-04  3.09247469E-05
1.55147512E-01  1.23133794E-04  3.09260314E-05
1.55394563E-01  1.06148065E-04  3.09419489E-05
1.55641613E-01  1.25625699E-04  3.09291362E-05
1.55888663E-01  1.07000053E-04  3.08780363E-05
1.56135713E-01  1.49932755E-04  3.08513108E-05
1.56382763E-01  8.54971307E-05  3.08376615E-05
1.56629814E-01  1.34687342E-04  3.08747732E-05
1.56876864E-01  8.83259584E-05  3.08900225E-05
1.57123914E-01  1.39230676E-04  3.08155940E-05
1.57370964E-01  9.51700762E-05  3.08230257E-05
1.57618014E-01  7.14691746E-05  3.07877275E-05
1.57865064E-01  7.75508300E-05  3.07805549E-05
1.58112115E-01  1.32045724E-04  3.08065570E-05
1.58359165E-01  1.29235793E-04  3.07480520E-05
1.58606215E-01  1.17452743E-04  3.07380740E-05
1.58853265E-01  1.25361398E-04  3.07460994E-05
1.59100315E-01  1.21847561E-04  3.07221014E-05
1.59347365E-01  7.09656669E-05  3.07543132E-05
1.59594416E-01  8.30293260E-05  3.07069675E-05
1.59841466E-01  1.17468290E-04  3.06671751E-05
1.60088516E-01  9.82380101E-05  3.07057777E-05
1.60335566E-01  9.68044462E-05  3.06109946E-05
1.60582616E-01  5.17658732E-05  3.06661762E-05
1.60829667E-01  5.90198284E-05  3.06615939E-05
1.61076717E-01  8.27317171E-05  3.05720116E-05
1.61323767E-01  9.26298580E-05  3.06394336E-05
1.61570817E-01  1.38159000E-04  3.05614740E-05
1.61817867E-01  8.02241494E-05  3.05705470E-05
1.62064917E-01  8.02983876E-05  3.05701988E-05
1.62311968E-01  1.29991687E-04  3.06105251E-05
1.62559018E-01  1.14324296E-04  3.05564823E-05
1.62806068E-01  1.10420112E-04  3.05049079E-05
1.63053118E-01  7.13777865E-05  3.05101321E-05
1.63300168E-01  1.03687000E-04  3.05429810E-05
1.63547219E-01  1.11614200E-04  3.04765193E-05
1.63794269E-01  1.26690533E-04  3.05483244E-05
1.64041319E-01  6.55905295E-05  3.04819473E-05
1.64288369E-01  9.06209752E-05  3.04501310E-05
1.64535419E-01  4.43690444E-05  3.09917434E-05
1.64782469E-01  9.37296706E-05  3.12772192E-05
1.65029520E-01  1.08190587E-04  3.15402815E-05
1.65276570E-01  6.70041747E-05  3.17161258E-05
1.65523620E-01  1.29916347E-04  3.19092530E-05
1.65770670E-01  1.27471301E-04  3.19835621E-05
1.66079483E-01  9.85761053E-05  2.63348317E-05
1.66388296E-01  1.09381691E-04  3.23192372E-05
1.66635346E-01  8.27719188E-05  3.24615196E-05
1.66882396E-01  1.42447470E-04  3.26186827E-05
1.67129446E-01  6.73967841E-05  3.27399263E-05
1.67376496E-01  9.12178092E-05  3.27167760E-05
1.67623546E-01  6.86684868E-05  3.29337912E-05
1.67870597E-01  8.65759045E-05  3.29857779E-05
1.68117647E-01  5.29438079E-05  3.31417039E-05
1.68364697E-01  9.76358739E-05  3.31039869E-05
1.68611747E-01  2.26551750E-05  3.33567514E-05
1.68920560E-01  6.72410823E-05  2.71957084E-05
1.69229373E-01  1.07545670E-04  3.33739665E-05
1.69476423E-01  1.22583582E-04  3.26446149E-05
1.69723473E-01  9.80546159E-05  3.25115926E-05
1.69970523E-01  5.83090937E-05  3.22672440E-05
1.70217573E-01  6.98544364E-05  3.21666011E-05
1.70464624E-01  1.10628712E-05  3.20017635E-05
1.70711674E-01  1.42580854E-04  3.19722006E-05
1.71020486E-01  8.07283504E-05  2.59537373E-05
1.71329299E-01  1.21510018E-04  3.18312475E-05
1.71576349E-01  9.89801147E-05  3.15879031E-05
1.71823400E-01  9.91101321E-05  3.16167591E-05
1.72070450E-01  7.46730465E-05  3.14650542E-05
1.72317500E-01  9.42486271E-05  3.14629467E-05
1.72564550E-01  5.99985183E-05  3.13667668E-05
1.72873363E-01  5.92347949E-05  2.55760801E-05
1.73182176E-01  9.36386580E-05  3.12661125E-05
1.73429226E-01  1.10796166E-04  3.12814952E-05
1.73676276E-01  6.93581737E-05  3.11021151E-05
1.73923326E-01  5.52230566E-05  3.11968809E-05
1.74170376E-01  1.20725668E-04  3.11006972E-05
1.74479189E-01  7.20558943E-05  2.53751429E-05
1.74788002E-01  7.60807454E-05  3.09795920E-05
1.75035052E-01  4.20674372E-05  3.10108742E-05
1.75282102E-01  9.94696770E-05  3.09522167E-05
1.75529152E-01  6.84795995E-05  3.10234820E-05
1.75837965E-01  9.16098809E-05  2.51913634E-05
1.76146778E-01  4.15202751E-05  3.09685841E-05
1.76393828E-01  5.71713430E-05  3.07738911E-05
1.76640878E-01  1.00824707E-04  3.08326746E-05
1.76887928E-01  7.77423870E-05  3.08183633E-05
1.77196741E-01  8.23270425E-05  2.51748580E-05
1.77505554E-01  1.27142225E-04  3.07510715E-05
1.77752604E-01  8.29399328E-05  3.08164989E-05
1.77999654E-01  8.53569792E-05  3.06916489E-05
1.78246704E-01  7.00660249E-05  3.08048225E-05
1.78555517E-01  1.14019662E-04  2.50144126E-05
1.78864330E-01  6.42625166E-05  3.09542434E-05
1.79111380E-01  9.40477317E-05  3.14015090E-05
1.79358430E-01  6.65005688E-05  3.17295260E-05
1.79667243E-01  6.27641701E-05  2.60500443E-05
1.79976055E-01  1.31928188E-04  3.21155658E-05
1.80223106E-01  6.30966176E-05  3.23169400E-05
1.80470156E-01  5.37800511E-05  3.21565815E-05
1.80778969E-01  7.13715751E-05  2.58895285E-05
1.81087781E-01  7.48753006E-05  3.14231086E-05
1.81334831E-01  9.58471299E-05  3.12698228E-05
1.81581882E-01  1.04687901E-04  3.11775063E-05
1.81890694E-01  3.89330816E-05  2.52692374E-05
1.82199507E-01  2.43705129E-05  3.07903174E-05
1.82446557E-01  8.49005302E-05  3.07822753E-05
1.82755370E-01  1.05220103E-04  2.49608753E-05
1.83064183E-01  1.03797229E-04  3.06102058E-05
1.83311233E-01  5.28325367E-05  3.04620934E-05
1.83558283E-01  8.21592888E-05  3.04713261E-05
1.83867096E-01  1.01997232E-04  2.48446826E-05
1.84175908E-01  3.64386740E-05  3.04100315E-05
1.84422959E-01  3.60128544E-05  3.03689339E-05
1.84731771E-01  8.64944420E-05  2.48254696E-05
1.85040584E-01  7.99872544E-05  3.03200103E-05
1.85287634E-01  6.88406975E-05  3.02765212E-05
1.85596447E-01  7.62615917E-05  2.46916656E-05
1.85905260E-01  1.27712683E-04  3.01690743E-05
1.86152310E-01  1.04102445E-04  3.01327419E-05
1.86461123E-01  8.08774026E-05  2.46040265E-05
1.86769935E-01  1.03738735E-04  3.00983604E-05
1.87016986E-01  6.79781369E-05  3.00961354E-05
1.87325798E-01  4.76255245E-05  2.45098757E-05
1.87634611E-01  2.33144267E-05  3.00405402E-05
1.87881661E-01  3.00171606E-05  3.00483902E-05
1.88190474E-01  7.26702424E-05  2.44496451E-05
1.88499287E-01  8.07388516E-05  2.99959010E-05
1.88746337E-01  3.61256066E-05  2.99449342E-05
1.89055150E-01  4.72690377E-05  2.43922271E-05
1.89363962E-01  5.53766803E-05  2.99069988E-05
1.89611012E-01  5.66104111E-05  2.98315113E-05
1.89919825E-01  6.49432654E-05  2.43795735E-05
1.90228638E-01  9.15063276E-05  2.98210823E-05
1.90537451E-01  3.90589325E-05  2.43192997E-05
1.90846263E-01  3.91578397E-05  2.98140500E-05
1.91093314E-01  6.11327492E-05  2.97661271E-05
1.91402126E-01  7.45792814E-05  2.43024171E-05
1.91710939E-01  7.25154193E-05  2.97464269E-05
1.91957989E-01  1.20578130E-04  2.96687940E-05
1.92266802E-01  2.86911573E-05  2.42584967E-05
1.92575615E-01  5.32980910E-05  2.96351849E-05
1.92884427E-01  3.81197157E-05  2.42355696E-05
1.93193240E-01  1.02139743E-04  2.96293305E-05
1.93502053E-01  7.39866762E-05  2.41634954E-05
1.93810865E-01  5.14240168E-05  2.95984499E-05
1.94057916E-01  5.90882272E-06  2.95322401E-05
1.94366728E-01  3.16814726E-05  2.41361999E-05
1.94675541E-01  9.19335087E-05  2.95511366E-05
1.94984354E-01  6.25886598E-05  2.41174266E-05
1.95293167E-01  6.43444481E-05  2.95086125E-05
1.95601979E-01  6.44930522E-05  2.40794567E-05
1.95910792E-01  1.86172441E-05  2.94705645E-05
1.96157842E-01  5.70454901E-05  2.94217174E-05
1.96466655E-01  1.00225483E-04  2.40560031E-05
1.96775468E-01  4.01318366E-06  2.93508569E-05
1.97084280E-01  4.99510954E-05  2.40069950E-05
1.97393093E-01  8.52413309E-05  2.93760478E-05
1.97701906E-01  5.96661561E-05  2.39866583E-05
1.98010719E-01  5.11140046E-05  2.93679673E-05
1.98319531E-01  7.37283664E-05  2.39413900E-05
1.98628344E-01  7.29957399E-05  2.93407987E-05
1.98937157E-01  6.28637377E-05  2.39183448E-05
1.99245969E-01  3.61039603E-05  2.92640559E-05
1.99554782E-01  5.42351300E-05  2.38805199E-05
1.99863595E-01  7.27669271E-05  2.92531822E-05
2.00172408E-01  2.60365791E-05  2.38463545E-05
2.00481220E-01  6.60398224E-05  2.91946533E-05
2.00790033E-01  6.12281361E-05  2.38186587E-05
2.01098846E-01  4.08531049E-05  2.91451637E-05
2.01407658E-01  4.76861411E-05  2.37691272E-05
2.01716471E-01  9.32266821E-05  2.91649713E-05
2.02025284E-01  7.36946532E-05  2.37351674E-05
2.02334097E-01  7.54262311E-05  2.91398101E-05
2.02642909E-01  3.85985852E-05  2.37054354E-05
2.02951722E-01  5.38590448E-05  2.91139286E-05
2.03260535E-01  3.94971158E-05  2.36886873E-05
2.03569348E-01  3.52027157E-05  2.89437038E-05
2.03878160E-01  5.16389496E-05  2.36821455E-05
2.04186973E-01  6.46561512E-05  2.88662154E-05
2.04495786E-01  3.08228730E-05  2.35671884E-05
2.04866361E-01  7.07861659E-05  2.35829922E-05
2.05175174E-01  6.66730364E-05  2.88233227E-05
2.05483986E-01  4.84409465E-05  2.35568977E-05
2.05792799E-01  9.14354839E-05  2.87842615E-05
2.06101612E-01  3.50049311E-05  2.35780556E-05
2.06410425E-01  5.59859492E-05  2.88132221E-05
2.06719237E-01  4.79272131E-05  2.35279870E-05
2.07089813E-01  6.00097274E-05  2.35217269E-05
2.07398625E-01  7.79983495E-05  2.87166211E-05
2.07707438E-01  6.90062747E-05  2.34622488E-05
2.08016251E-01  6.43054801E-05  2.87255237E-05
2.08325063E-01  5.49161920E-05  2.33967459E-05
2.08695639E-01  7.52825534E-05  2.33982891E-05
2.09004451E-01  9.90259609E-05  2.86399150E-05
2.09313264E-01  2.37286305E-05  2.34046672E-05
2.09622077E-01  6.58718854E-05  2.85964403E-05
2.09930890E-01  5.24314860E-05  2.33396657E-05
2.10301465E-01  1.93382327E-05  2.33630493E-05
2.10610278E-01  5.00111527E-05  2.85318936E-05
2.10919090E-01  4.63302478E-05  2.33553252E-05
2.11289666E-01  4.63954114E-05  2.32797057E-05
2.11598478E-01  -7.48518625E-06  2.85057787E-05
2.11907291E-01  8.72324336E-05  2.32692652E-05
2.12277866E-01  5.92268381E-05  2.32425526E-05
2.12586679E-01  8.45662627E-05  2.84629775E-05
2.12895492E-01  5.42978302E-05  2.32206763E-05
2.13266067E-01  3.72401371E-05  2.32402804E-05
2.13574880E-01  5.76969010E-05  2.83964206E-05
2.13883693E-01  1.98354838E-05  2.31884219E-05
2.14254268E-01  4.50231160E-05  2.32141056E-05
2.14563081E-01  3.63938832E-05  2.83524860E-05
2.14871893E-01  2.81160492E-05  2.31579481E-05
2.15242469E-01  5.25342274E-05  2.31440218E-05
2.15551281E-01  6.02881763E-05  2.83549910E-05
2.15860094E-01  4.43142078E-05  2.31270086E-05
2.16230669E-01  9.82395868E-05  2.31194181E-05
2.16539482E-01  5.07743951E-05  2.83089256E-05
2.16848295E-01  3.54568026E-05  2.30920851E-05
2.17218870E-01  5.27455213E-05  2.30952399E-05
2.17589445E-01  2.28233321E-05  2.30463196E-05
2.17898258E-01  2.86212880E-05  2.82587902E-05
2.18207071E-01  7.26710397E-05  2.30443403E-05
2.18577646E-01  5.73077012E-05  2.30114703E-05
2.18886459E-01  5.06941794E-05  2.81897514E-05
2.19195271E-01  1.56048913E-05  2.29999010E-05
2.19565847E-01  3.36696070E-05  2.30126364E-05
2.19936422E-01  2.47709062E-05  2.30087793E-05
2.20245235E-01  3.35719431E-05  2.80582027E-05
2.20554047E-01  4.20507171E-05  2.30031867E-05
2.20924623E-01  5.55046435E-05  2.29058589E-05
2.21295198E-01  2.58728039E-05  2.29156208E-05
2.21604011E-01  1.00586142E-05  2.80834500E-05
2.21912823E-01  2.61046865E-05  2.28980605E-05
2.22283399E-01  2.83195574E-05  2.28980219E-05
2.22653974E-01  7.57031221E-05  2.29002571E-05
2.23024549E-01  3.67964808E-05  2.28695143E-05
2.23333362E-01  4.22731739E-05  2.79835468E-05
2.23642175E-01  3.63776730E-05  2.28418154E-05
2.24012750E-01  6.41585652E-05  2.28275136E-05
2.24383325E-01  4.36268890E-05  2.28375349E-05
2.24753900E-01  3.11124190E-05  2.28179203E-05
2.25062713E-01  2.56209955E-05  2.79011444E-05
2.25371526E-01  6.21297377E-05  2.28152720E-05
2.25742101E-01  8.74203876E-05  2.27493631E-05
2.26112676E-01  6.03327477E-05  2.27743773E-05
2.26483252E-01  3.96963754E-05  2.27396574E-05
2.26792064E-01  3.61532508E-05  2.78300695E-05
2.27100877E-01  3.75410900E-05  2.27395053E-05
2.27471452E-01  2.45257968E-05  2.27172213E-05
2.27842028E-01  5.43623070E-05  2.26979302E-05
2.28212603E-01  6.14462309E-05  2.26717589E-05
2.28583178E-01  5.81618339E-05  2.26858337E-05
2.28953753E-01  4.84486830E-05  2.26536672E-05
2.29262566E-01  2.60592378E-05  2.77568749E-05
2.29571379E-01  7.73100211E-05  2.26432579E-05
2.29941954E-01  4.57136678E-05  2.26163150E-05
2.30312529E-01  3.48632850E-05  2.25940075E-05
2.30683105E-01  7.26235171E-05  2.26101615E-05
2.31053680E-01  4.39649178E-05  2.26032622E-05
2.31424255E-01  6.15969496E-05  2.25783251E-05
2.31794831E-01  4.59365883E-05  2.25484707E-05
2.32103643E-01  5.76739234E-05  2.76468139E-05
2.32412456E-01  5.45843116E-05  2.26464546E-05
2.32783031E-01  3.25087636E-05  2.30563879E-05
2.33153606E-01  1.91176645E-05  2.33315582E-05
2.33524182E-01  5.69041394E-05  2.35335887E-05
2.33894757E-01  3.16820426E-05  2.36901017E-05
2.34265332E-01  6.08774965E-05  2.38407379E-05
2.34635908E-01  5.45809286E-05  2.39696238E-05
2.35006483E-01  1.41787964E-05  2.41006739E-05
2.35377058E-01  3.03811652E-06  2.42242089E-05
2.35747633E-01  2.89085107E-05  2.43139000E-05
2.36118209E-01  1.38248791E-05  2.44371016E-05
2.36488784E-01  3.58958001E-05  2.45467421E-05
2.36859359E-01  7.35243381E-05  2.46363288E-05
2.37229934E-01  3.72589478E-05  2.46511812E-05
2.37600510E-01  5.54460382E-05  2.42039091E-05
2.37909322E-01  5.63643519E-07  2.93405534E-05
2.38218135E-01  3.02646082E-05  2.38068972E-05
2.38588710E-01  2.94232566E-05  2.36475955E-05
2.38959286E-01  2.80549246E-05  2.35722548E-05
2.39329861E-01  3.91511378E-05  2.34860835E-05
2.39700436E-01  3.41680610E-05  2.34100227E-05
2.40071011E-01  5.27500941E-05  2.33607775E-05
2.40441587E-01  1.11315323E-05  2.32841537E-05
2.40812162E-01  5.43818755E-05  2.32307859E-05
2.41182737E-01  3.40148616E-05  2.32074223E-05
2.41553313E-01  3.85696025E-05  2.31604677E-05
2.41923888E-01  3.42259366E-05  2.31301385E-05
2.42294463E-01  3.41956186E-05  2.30488167E-05
2.42726801E-01  3.57651049E-05  1.99781271E-05
2.43159139E-01  5.61892756E-05  2.29881329E-05
2.43529714E-01  7.85158553E-05  2.29741886E-05
2.43900289E-01  8.73696592E-05  2.29028772E-05
2.44270865E-01  3.54366749E-05  2.28657395E-05
2.44641440E-01  5.77477376E-05  2.28497562E-05
2.45012015E-01  3.48530508E-05  2.27761154E-05
2.45382590E-01  5.25076412E-05  2.27592534E-05
2.45753166E-01  9.24434477E-05  2.27311745E-05
2.46123741E-01  3.88681519E-05  2.26581850E-05
2.46494316E-01  5.13804517E-05  2.26088543E-05
2.46864891E-01  4.04244807E-05  2.25859483E-05
2.47235467E-01  4.22993429E-05  2.25752643E-05
2.47606042E-01  4.24943133E-05  2.25251731E-05
2.47976617E-01  5.04299224E-05  2.24668559E-05
2.48408955E-01  3.36208376E-05  1.94138616E-05
2.48841293E-01  3.50348720E-05  2.23828863E-05
2.49211868E-01  1.03056284E-05  2.23068424E-05
2.49582443E-01  4.68088793E-05  2.23125146E-05
2.49953019E-01  1.80303730E-05  2.22587209E-05
2.50323594E-01  3.41683060E-05  2.22561795E-05
2.50694169E-01  1.86445632E-05  2.22215459E-05
2.51064744E-01  3.38403640E-05  2.22513842E-05
2.51497082E-01  4.53858540E-05  1.92374844E-05
2.51929420E-01  6.95321402E-05  2.21876249E-05
2.52299995E-01  3.70524937E-05  2.22018766E-05
2.52670571E-01  4.80776789E-05  2.21883860E-05
2.53041146E-01  2.33183047E-05  2.21433333E-05
2.53411721E-01  2.02058925E-05  2.21574999E-05
2.53782296E-01  2.03115005E-05  2.21175677E-05
2.54214634E-01  5.25591365E-05  1.91664774E-05
2.54646972E-01  5.28089784E-05  2.20720773E-05
2.55017547E-01  6.91392002E-05  2.21105007E-05
2.55388123E-01  2.96342527E-05  2.20696189E-05
2.55758698E-01  1.80295930E-05  2.20599836E-05
2.56191036E-01  7.92384729E-06  1.90582928E-05
2.56623373E-01  5.50397232E-05  2.20615557E-05
2.56993949E-01  2.32143288E-05  2.20072362E-05
2.57364524E-01  5.42927844E-05  2.19859822E-05
2.57735099E-01  5.94799610E-05  2.19911231E-05
2.58167437E-01  1.19039394E-05  1.90214050E-05
2.58599775E-01  3.48282048E-06  2.19588505E-05
2.58970350E-01  2.51227986E-05  2.19330295E-05
2.59340925E-01  3.01545479E-05  2.19323095E-05
2.59773263E-01  1.29671669E-05  1.89644576E-05
2.60205601E-01  3.14316176E-05  2.19116170E-05
2.60576176E-01  3.39890905E-05  2.18813951E-05
2.60946752E-01  1.23117656E-05  2.18654138E-05
2.61379089E-01  1.85398434E-05  1.89470598E-05
2.61811427E-01  2.66052671E-05  2.18193024E-05
2.62182003E-01  5.75567922E-05  2.18453721E-05
2.62552578E-01  1.97639211E-05  2.18159755E-05
2.62984916E-01  5.53189344E-05  1.88891702E-05
2.63417253E-01  3.29249874E-05  2.17762537E-05
2.63787829E-01  -5.85546663E-06  2.17812264E-05
2.64220167E-01  2.97633405E-05  1.88425916E-05
2.64652504E-01  2.29961049E-05  2.17606269E-05
2.65023080E-01  3.20109585E-05  2.17278469E-05
2.65455417E-01  1.36610805E-05  1.88212291E-05
2.65887755E-01  5.18480430E-05  2.16973906E-05
2.66258330E-01  -1.13075069E-05  2.17096538E-05
2.66690668E-01  4.09745764E-05  1.87849370E-05
2.67123006E-01  -1.29675068E-05  2.16706817E-05
2.67493581E-01  8.01400100E-05  2.16638815E-05
2.67925919E-01  2.50305635E-05  1.87483565E-05
2.68358257E-01  2.31376940E-05  2.16539945E-05
2.68728832E-01  3.34027954E-05  2.15958655E-05
2.69161170E-01  4.84654532E-05  1.86960336E-05
2.69593508E-01  7.17934548E-06  2.15656434E-05
2.69964083E-01  1.88018074E-05  2.15763107E-05
2.70396421E-01  8.11005918E-06  1.86769762E-05
2.70828759E-01  1.34782542E-05  2.15316691E-05
2.71261097E-01  4.84498625E-05  1.86608696E-05
2.71693434E-01  6.79955405E-05  2.15249456E-05
2.72064010E-01  5.38788033E-05  2.14999492E-05
2.72496348E-01  3.35243301E-05  1.86321818E-05
2.72928685E-01  2.63284740E-05  2.14765293E-05
2.73361023E-01  5.30481910E-06  1.85908141E-05
2.73793361E-01  2.79582908E-05  2.14499715E-05
2.74163936E-01  4.48578720E-05  2.14650620E-05
2.74596274E-01  2.13337242E-05  1.85631852E-05
2.75028612E-01  2.51210523E-05  2.14124418E-05
2.75460950E-01  2.48529379E-05  1.85425498E-05
2.75893287E-01  2.00778662E-05  2.13523536E-05
2.76325625E-01  3.92485861E-05  1.85045082E-05
2.76757963E-01  1.83409226E-05  2.13544786E-05
2.77190301E-01  3.00718865E-05  1.84833514E-05
2.77622639E-01  4.33304821E-05  2.13296884E-05
2.77993214E-01  -5.40832184E-07  2.13401799E-05
2.78425552E-01  2.26065084E-05  1.84589728E-05
2.78857890E-01  3.67819062E-05  2.13116655E-05
2.79290227E-01  4.45592507E-05  1.84225486E-05
2.79722565E-01  2.30621828E-05  2.12849862E-05
2.80154903E-01  4.63451950E-05  1.84086624E-05
2.80587241E-01  1.37388222E-05  2.12805542E-05
2.81019579E-01  1.46887656E-05  1.83961242E-05
2.81451916E-01  -6.30529942E-06  2.12005666E-05
2.81884254E-01  4.01025016E-05  1.83777920E-05
2.82316592E-01  3.21830529E-05  2.12097060E-05
2.82748930E-01  3.49149500E-05  1.83703250E-05
2.83243030E-01  5.40727149E-05  1.83402655E-05
2.83675368E-01  5.03612466E-05  2.11831662E-05
2.84107706E-01  4.13978293E-05  1.83241146E-05
2.84540044E-01  9.10268492E-06  2.11568565E-05
2.84972382E-01  2.68385491E-05  1.82880407E-05
2.85404719E-01  1.21035087E-05  2.11405563E-05
2.85837057E-01  2.76509824E-05  1.82821398E-05
2.86269395E-01  3.92775688E-05  2.10949938E-05
2.86701733E-01  4.01442002E-05  1.82453379E-05
2.87195833E-01  8.32241268E-06  1.82633391E-05
2.87628171E-01  5.08204286E-05  2.10652294E-05
2.88060509E-01  5.92622748E-06  1.82239777E-05
2.88492847E-01  -2.53048432E-06  2.10326291E-05
2.88925184E-01  3.93931934E-06  1.81898616E-05
2.89419285E-01  3.89796181E-05  1.82055356E-05
2.89851623E-01  5.23048826E-05  2.09962781E-05
2.90283960E-01  5.03415665E-05  1.81765876E-05
2.90716298E-01  3.22984747E-05  2.09785017E-05
2.91148636E-01  3.20564793E-05  1.81676347E-05
2.91642736E-01  2.83805177E-05  1.81431631E-05
2.92075074E-01  2.18373813E-05  2.09351382E-05
2.92507412E-01  3.13547705E-05  1.81217910E-05
2.93001512E-01  3.12691602E-05  1.81146244E-05
2.93433850E-01  2.30241451E-05  2.09029477E-05
2.93866188E-01  4.00777406E-05  1.80833401E-05
2.94360288E-01  3.42223577E-05  1.80490939E-05
2.94792626E-01  8.91017615E-06  2.08332991E-05
2.95224964E-01  4.43966307E-05  1.80278658E-05
2.95719064E-01  4.76126871E-05  1.80236551E-05
2.96151402E-01  -1.84665629E-06  2.07807926E-05
2.96583740E-01  1.42611941E-05  1.80092360E-05
2.97077840E-01  1.80028785E-05  1.79853276E-05
2.97571941E-01  6.02803095E-06  1.79867725E-05
2.98004278E-01  -4.36892882E-07  2.07599977E-05
2.98436616E-01  4.26600574E-05  1.79931368E-05
2.98930717E-01  3.39535746E-05  1.79873016E-05
2.99424817E-01  1.05956387E-05  1.79575204E-05
2.99857155E-01  3.66944088E-05  2.07513618E-05
3.00289493E-01  1.92351362E-05  1.79366983E-05
3.00783593E-01  3.38611019E-05  1.81309632E-05
3.01277693E-01  4.12696719E-05  1.84914247E-05
3.01710031E-01  1.40062294E-05  2.15746733E-05
3.02142369E-01  1.75420958E-05  1.88203457E-05
3.02636469E-01  6.13510370E-05  1.90201640E-05
3.03130570E-01  3.10062469E-05  1.91346977E-05
3.03562908E-01  3.27379368E-05  2.22468552E-05
3.03995245E-01  6.14744702E-06  1.93632690E-05
3.04489346E-01  2.96215223E-05  1.94943163E-05
3.04983446E-01  2.59698309E-05  1.95944371E-05
3.05477546E-01  2.43018406E-05  1.96783529E-05
3.05909884E-01  3.56144826E-05  2.28544996E-05
3.06342222E-01  2.24308206E-05  1.98523963E-05
3.06836322E-01  9.20243092E-06  1.99715353E-05
3.07330423E-01  2.89185102E-05  2.01259489E-05
3.07824523E-01  -1.39496493E-05  2.07538624E-05
3.08318623E-01  1.53104069E-05  2.12663005E-05
3.08812724E-01  1.72867158E-06  2.16778593E-05
3.09245062E-01  3.95611427E-05  2.53622044E-05
3.09677399E-01  1.85997376E-05  2.21277571E-05
3.10171500E-01  5.25527149E-06  2.23805957E-05
3.10665600E-01  4.22538304E-05  2.26813614E-05
3.11159701E-01  6.29370736E-05  2.29049886E-05
3.11653801E-01  -3.25674561E-06  2.31652532E-05
3.12147901E-01  4.34556606E-05  2.34233325E-05
3.12642002E-01  2.79719723E-05  2.36239164E-05
3.13136102E-01  4.93573408E-05  2.38946645E-05
3.13568440E-01  1.64684380E-05  2.78116451E-05
3.14000778E-01  -8.40432734E-06  2.43224314E-05
3.14494878E-01  2.56393194E-05  2.45432757E-05
3.14988978E-01  1.86281924E-05  2.47914428E-05
3.15483079E-01  4.65098022E-05  2.50523858E-05
3.15977179E-01  4.49497518E-05  2.52527862E-05
3.16471279E-01  -8.94071027E-06  2.55088416E-05
3.16965380E-01  1.88205673E-05  2.57626010E-05
3.17459480E-01  3.41119862E-05  2.59741953E-05
3.17953580E-01  9.82686317E-06  2.61533294E-05
3.18447681E-01  2.25292272E-05  2.63279050E-05
3.18941781E-01  1.26708169E-05  2.63946329E-05
3.19435882E-01  1.99721535E-05  2.65428353E-05
3.19929982E-01  -1.52772753E-05  2.66784599E-05
3.20424082E-01  1.94779290E-05  2.67900952E-05
3.20918183E-01  1.38447601E-05  2.69462439E-05
3.21412283E-01  -4.74550328E-06  2.70707802E-05
3.21906383E-01  5.07918904E-05  2.71636172E-05
3.22400484E-01  3.34206375E-05  2.72873593E-05
3.22894584E-01  5.74527688E-05  2.73115714E-05
3.23388684E-01  9.09021931E-06  2.73364310E-05
3.23882785E-01  -1.71710337E-05  2.74065231E-05
3.24376885E-01  3.82682092E-05  2.74898694E-05
3.24870985E-01  2.96478863E-05  2.75974411E-05
3.25365086E-01  3.29413463E-05  2.77734919E-05
3.25859186E-01  1.55951383E-05  2.78368004E-05
3.26353287E-01  1.65379061E-06  2.79481652E-05
3.26847387E-01  6.07415381E-05  2.81302457E-05
3.27403250E-01  4.05484560E-07  2.52549062E-05
3.27959113E-01  4.96075512E-05  2.83243010E-05
3.28453213E-01  1.05258135E-05  2.84869279E-05
3.28947313E-01  5.63025165E-05  2.86327934E-05
3.29441414E-01  1.18338347E-05  2.86782601E-05
3.29935514E-01  -3.91668010E-05  2.88392552E-05
3.30429614E-01  2.38078092E-05  2.89543812E-05
3.30923715E-01  7.02017154E-05  2.91000387E-05
3.31417815E-01  5.72439204E-05  2.91766456E-05
3.31973678E-01  -4.21858167E-06  2.62120754E-05
3.32529541E-01  4.23033236E-05  2.94494862E-05
3.33023641E-01  -1.53004603E-05  2.95947902E-05
3.33517742E-01  2.68202977E-05  2.97158827E-05
3.34011842E-01  4.10161076E-05  2.97643870E-05
3.34505942E-01  7.90760270E-06  2.99745364E-05
3.35061805E-01  5.16404188E-05  2.69122137E-05
3.35617668E-01  5.25407839E-05  3.01880749E-05
3.36111769E-01  5.51234491E-05  3.03615934E-05
3.36605869E-01  4.13453010E-05  3.04389344E-05
3.37099969E-01  -9.64848220E-06  3.06045696E-05
3.37655832E-01  6.38509572E-05  2.74643860E-05
3.38211695E-01  2.54276096E-05  3.08966355E-05
3.38705795E-01  7.03677570E-05  3.09412815E-05
3.39199896E-01  1.82445243E-05  3.12089365E-05
3.39755759E-01  3.20259446E-05  2.79476485E-05
3.40311622E-01  3.23786539E-05  3.13802755E-05
3.40805722E-01  -5.96477915E-06  3.15286451E-05
3.41299822E-01  7.90354756E-06  3.17201333E-05
3.41855685E-01  -3.55803210E-06  2.84247472E-05
3.42411548E-01  -2.87157169E-06  3.18915508E-05
3.42905649E-01  -3.36471318E-05  3.20915538E-05
3.43399749E-01  -4.06455445E-06  3.22602435E-05
3.43955612E-01  -1.05498482E-05  2.89185735E-05
3.44511475E-01  2.37896358E-06  3.24896269E-05
3.45005575E-01  -1.52668294E-05  3.26361391E-05
3.45561438E-01  -1.49672687E-05  2.93374292E-05
3.46117301E-01  -1.35804254E-06  3.29379054E-05
3.46611401E-01  2.30483069E-05  3.31000799E-05
3.47167264E-01  2.86208040E-05  2.97188219E-05
3.47723127E-01  -1.50927024E-05  3.33747425E-05
3.48217227E-01  1.81185014E-05  3.35535098E-05
3.48773090E-01  5.26568449E-05  3.01081993E-05
3.49328953E-01  3.06204069E-05  3.37788294E-05
3.49823054E-01  4.80296506E-05  3.36724940E-05
3.50378916E-01  2.84295217E-05  3.01325576E-05
3.50934779E-01  5.40007028E-05  3.36896620E-05
3.51490642E-01  2.53576596E-05  3.01906274E-05
3.52046505E-01  1.55381781E-05  3.39762663E-05
3.52540606E-01  1.89080155E-05  3.40135555E-05
3.53096468E-01  -7.57495267E-06  3.06268468E-05
3.53652331E-01  9.39084261E-06  3.44044940E-05
3.54208194E-01  3.98067329E-05  3.09075218E-05
3.54764057E-01  1.43145888E-06  3.47763442E-05
3.55319920E-01  3.96420016E-06  3.12085143E-05
3.55875783E-01  4.53291074E-05  3.50019302E-05
3.56369883E-01  7.79747084E-05  3.52026888E-05
3.56925746E-01  1.83850924E-05  3.16174834E-05
3.57481609E-01  1.52102647E-05  3.56244025E-05
3.58037472E-01  5.15771535E-05  3.19566962E-05
3.58593335E-01  5.08390880E-06  3.58241330E-05
3.59149198E-01  5.06701117E-05  3.22913251E-05
3.59705061E-01  -1.92556729E-05  3.62062904E-05
3.60260924E-01  1.87028753E-05  3.25847617E-05
3.60816787E-01  9.43640419E-06  3.66313119E-05
3.61372649E-01  5.62361685E-05  3.29364508E-05
3.61928512E-01  2.41006831E-05  3.70256574E-05
3.62484375E-01  4.06535134E-05  3.32604908E-05
3.63040238E-01  5.28540023E-05  3.73562626E-05
3.63596101E-01  2.48861155E-05  3.36069353E-05
3.64151964E-01  4.49833355E-05  3.77459912E-05
3.64707827E-01  4.83414390E-06  3.39178023E-05
3.65325452E-01  -3.63644445E-05  3.41381313E-05
3.65881315E-01  6.40478641E-05  3.84664406E-05
3.66437178E-01  1.16247459E-05  3.45104201E-05
3.66993041E-01  3.42058110E-05  3.87119029E-05
3.67548904E-01  2.03176002E-05  3.48868276E-05
3.68104767E-01  7.32370544E-06  3.91528083E-05
3.68660630E-01  4.22760592E-05  3.52890361E-05
3.69278255E-01  -5.03371293E-05  3.54745882E-05
3.69834118E-01  4.48642492E-05  3.99183219E-05
3.70389981E-01  -8.60072942E-06  3.58773998E-05
3.71007606E-01  2.15542050E-05  3.60931535E-05
3.71563469E-01  2.08201090E-05  4.06660846E-05
3.72119332E-01  5.15042969E-05  3.65406803E-05
3.72675195E-01  -4.68814472E-05  4.09731110E-05
3.73231058E-01  1.34971093E-05  3.69359063E-05
3.73848683E-01  -1.67862516E-06  3.71768304E-05
3.74404546E-01  5.11209880E-05  4.17620525E-05
3.74960409E-01  5.57902537E-05  3.76189100E-05
3.75578035E-01  1.58725649E-05  3.78715142E-05
3.76195660E-01  3.13618788E-05  3.81503967E-05
3.76751523E-01  5.96173382E-05  4.29559101E-05
3.77307386E-01  3.58330759E-05  3.86361529E-05
3.77925011E-01  -5.51115582E-05  3.88604169E-05
3.78480874E-01  2.52495706E-05  4.38847608E-05
3.79036737E-01  5.39983348E-05  3.93543287E-05
3.79654363E-01  -5.16785369E-05  3.96205748E-05
3.80271988E-01  1.85029001E-05  3.99386399E-05
3.80827851E-01  2.70486821E-05  4.51047456E-05
3.81383714E-01  6.98895837E-05  4.05204243E-05
3.82001339E-01  1.01560603E-04  4.08463828E-05
3.82618965E-01  1.71449584E-05  4.11276645E-05
3.83174828E-01  9.52931821E-05  4.61359371E-05
3.83730691E-01  8.53324894E-06  4.17572101E-05
3.84348316E-01  4.95751177E-05  4.20328136E-05
3.84965942E-01  5.01045940E-05  4.23343291E-05
3.85583567E-01  5.47160009E-05  4.26900638E-05
3.86201192E-01  6.41318456E-05  4.27259915E-05
3.86757055E-01  -3.37374225E-05  4.75857625E-05
3.87312918E-01  -2.27221546E-05  4.28044139E-05
3.87930544E-01  3.49160378E-05  4.28452305E-05
3.88548169E-01  -2.10138181E-05  4.29097147E-05
3.89165795E-01  7.09358594E-06  4.32225000E-05
3.89783420E-01  -4.12949065E-05  4.35528171E-05
3.90339283E-01  3.82711184E-06  4.89077997E-05
3.90895146E-01  -4.57148978E-06  4.42234363E-05
3.91512771E-01  -4.77617961E-05  4.46224180E-05
3.92130397E-01  5.55247420E-05  4.50580155E-05
3.92748022E-01  7.98278185E-05  4.54746400E-05
3.93365648E-01  -1.50221275E-05  4.58558220E-05
3.93983273E-01  7.92290177E-05  4.63108265E-05
3.94600898E-01  -1.44276075E-05  4.67511569E-05
3.95218524E-01  -1.81719006E-05  4.69527576E-05
3.95836149E-01  1.09461478E-04  4.75532949E-05
3.96453775E-01  4.34490992E-05  4.80067052E-05
3.97071400E-01  -5.33871407E-05  4.84734789E-05
3.97689026E-01  6.56097962E-05  4.90122274E-05
3.98306651E-01  9.94883399E-05  4.95119653E-05
3.98924277E-01  1.10350548E-04  5.00281063E-05
3.99541902E-01  8.00625242E-05  5.06226882E-05
4.00159528E-01  -4.72393237E-05  5.11020649E-05
4.00777153E-01  -2.84995952E-05  5.16724252E-05
4.01394778E-01  -1.07155191E-05  5.23141064E-05
4.02012404E-01  -7.29212794E-05  5.28948343E-05
4.02630029E-01  4.27276402E-06  5.35734796E-05
4.03247655E-01  -4.84775398E-05  5.41272085E-05
4.03865280E-01  -3.67061077E-05  5.48807176E-05
4.04482906E-01  -6.11914275E-05  5.55642857E-05
4.05100531E-01  8.61735945E-05  5.59822777E-05
4.05718157E-01  3.03472504E-05  5.68773581E-05
4.06335782E-01  4.20649623E-05  5.76351336E-05
4.06953407E-01  -1.66255329E-05  5.84761522E-05
4.07571033E-01  -4.35528783E-05  5.92719451E-05
4.08188658E-01  4.59665558E-06  6.01501827E-05
4.08806284E-01  -9.65451507E-07  6.11784491E-05
4.09423909E-01  1.32058158E-04  6.21265885E-05
4.10103297E-01  -5.04842440E-05  5.80054999E-05
4.10782685E-01  -5.21860413E-05  6.40437189E-05
4.11400311E-01  1.05027068E-04  6.52096804E-05
4.12017936E-01  6.57232338E-05  6.64826753E-05
4.12635562E-01  -4.99969666E-05  6.76374828E-05
4.13253187E-01  -2.16659501E-05  6.89859671E-05
4.13870812E-01  -3.43218654E-05  7.03528328E-05
4.14550200E-01  1.48370874E-04  6.60915187E-05
4.15229588E-01  -6.78768176E-05  7.37659320E-05
4.15847214E-01  -2.95490216E-05  7.52926703E-05
4.16464839E-01  -7.19826004E-05  7.65305765E-05
4.17082465E-01  8.22806595E-05  7.83996966E-05


### HEADER:
#
#{
#    "analysis": {
#        "GNOM": {
#            "Alpha": 2.368,
#            "Dmax": "102",
#            "GNOM_ChiSquared": 0.7514226538192166,
#            "GNOM_Quality_Assessment": "a REASONABLE solution",
#            "Real_Space_I0": 0.001346,
#            "Real_Space_I0_Err": 1.031e-05,
#            "Real_Space_Rg": 24.96,
#            "Real_Space_Rg_Err": 0.4684,
#            "Total_Estimate": 0.692,
#            "qEnd": 0.41708246479348154,
#            "qStart": 0.002902839603923239
#        },
#        "guinier": {
#            "I0": "0.001339134589245312",
#            "I0_autorg_err": -1,
#            "I0_err": 8.043656894591947e-06,
#            "I0_est_err": 2.1785689457085525e-06,
#            "I0_fit_err": 8.043656894591947e-06,
#            "Rg": "23.55103179617567",
#            "Rg_autorg_err": -1,
#            "Rg_err": 0.2520885198646027,
#            "Rg_est_err": 0.10458975128014326,
#            "Rg_fit_err": 0.2520885198646027,
#            "nEnd": 423,
#            "nStart": 0,
#            "qEnd": "0.05515",
#            "qRg_max": "1.2989324884126896",
#            "qRg_min": "0.06836486781119419",
#            "qStart": "0.0029",
#            "rsq": "0.8205136921152231"
#        },
#        "molecularWeight": {
#            "Absolute": {
#                "Density_buffer": "3.34e+23",
#                "Density_dry_protein": "3.22e+23",
#                "MW": "",
#                "Partial_specific_volume": "0.7425"
#            },
#            "DatmwBayes": {
#                "ConfidenceIntervalLower": "13.1",
#                "ConfidenceIntervalProbability": "95.125",
#                "ConfidenceIntervalUpper": "15.8",
#                "MW": "14.825",
#                "MWProbability": "48.4084"
#            },
#            "I(0)Concentration": {
#                "MW": ""
#            },
#            "PorodVolume": {
#                "Cutoff": "Default",
#                "Density": "0.00083",
#                "MW": "15.122829887978721",
#                "Q_max": "0.33975575874854763",
#                "VPorod": "33497.98213697169",
#                "VPorod_Corrected": "18220.27697346834"
#            },
#            "ShapeAndSize": {
#                "Dmax": "78.13",
#                "MW": "20.488",
#                "Shape": "flat"
#            },
#            "VolumeOfCorrelation": {
#                "Cutoff": "Manual",
#                "MW": "16.397409029882116",
#                "Q_max": "0.3",
#                "Type": "Protein",
#                "Vcor": "218.03268898716757"
#            }
#        }
#    },
#    "calibration_params": {
#        "Beam_Center_X": 2485.947824803951,
#        "Beam_Center_Y": 832.772394330027,
#        "Detector Tilt": 2.5221666988024696,
#        "Detector Tilt Plane Rotation": -77.43956101516139,
#        "Detector_X_Pixel_Size": 75.0,
#        "Detector_Y_Pixel_Size": 75.0,
#        "Integration Method": "nosplit_csr_ocl",
#        "Radial_Average_Method": "pyFAI",
#        "Sample-to-detector distance (mm)": 3685.431263756,
#        "Wavelength (A)": 1.03320164497
#    },
#    "config_file": null,
#    "counters": {
#        "Attenuator,_16_foil": "Out",
#        "Attenuator,_1_foil": "Out",
#        "Attenuator,_2_foil": "Out",
#        "Attenuator,_32_foil": "Out",
#        "Attenuator,_4_foil": "Out",
#        "Attenuator,_8_foil": "Out",
#        "Buffer": "20 mM HEPES, 150 mM NaCl, 2 mM DTT, pH 7.0",
#        "Coflow_on": "True",
#        "Collimator_vacuum_mtorr": "6.7",
#        "Column": "Superdex 75 10/300 Increase",
#        "Concentration_mg/ml": "2.6",
#        "D_hutch_shutter_open": "True",
#        "Date": "2022-11-19 16:26:01.556631",
#        "Experiment_type": "SEC-SAXS",
#        "Exposure time/frame (s)": "0.5",
#        "Exposure_period/frame_s": "1.0",
#        "File_prefix": "TM03_024",
#        "Flight_tube_vacuum_mtorr": "8.8",
#        "Flow rate (ml/min)": "0.6",
#        "Front_end_shutter_open": "True",
#        "Guard_slit_vacuum_mtorr": "7.2",
#        "I0_gain": "1e+05",
#        "I1_gain": "1e+06",
#        "I2_gain": "1e+03",
#        "I3_gain": "1e+05",
#        "Instrument": "BioCAT (Sector 18, APS)",
#        "Loaded_volume_uL": "250",
#        "Nominal_Transmission_12_keV": "1.0",
#        "Notes": "Using a mismatched sheath of 20 mM Na Phosphate, 150 mM NaCl.\n\nTube labeled 4",
#        "Number_of_frames": "3600",
#        "Number_of_images_per_file": "100",
#        "Number_of_triggers": "1",
#        "Outlet_flow_rate_mL/min": "0.8571428571428572",
#        "Sample": "3 - VV11",
#        "Sample_vacuum_mtorr": "8.1",
#        "Save_directory": "/nas_data/Eiger2x/2022_Run3/20221119_Mittag/TM03",
#        "Sheath_excess_ratio": "1.5",
#        "Sheath_inlet_flow_rate_including_excess_mL/min": "0.8999999999999999",
#        "Sheath_ratio": "0.3",
#        "Sheath_valve_position": "1",
#        "Temperature_C": "25",
#        "UV_integration_time": "None",
#        "UV_scans_averaged_per_spectrum": "None",
#        "Wait_for_trigger": "True"
#    },
#    "filename": "S_A_TM03_024.dat",
#    "imageHeader": {
#        "htype": "dconfig-1.0",
#        "series": 1661
#    },
#    "load_path": "",
#    "metadata": {
#        "Detector": "Eiger2 XE 9M"
#    },
#    "normalizations": {
#        "Absolute_scale": {
#            "Absolute_scale_factor": 85193.56174099886,
#            "Ignore_background": true,
#            "Method": "Glassy_carbon"
#        },
#        "Counter_norms": [
#            [
#                "/",
#                "I0"
#            ]
#        ],
#        "Polarization": {
#            "Used": false
#        },
#        "Solid_Angle_Correction": "On"
#    },
#    "raw_version": "2.1.4"
#}

