### DATA:
#
# 1696
#      Q             I(Q)           Error     
2.90283960E-03  1.09670167E-03  3.33040969E-04
3.02636469E-03  1.13000381E-03  3.13239969E-04
3.14988978E-03  8.16874737E-04  2.77705918E-04
3.27341487E-03  1.45245733E-03  2.58421938E-04
3.39693996E-03  1.62276639E-03  2.40875684E-04
3.52046505E-03  1.24454423E-03  2.24739654E-04
3.64399014E-03  1.30363636E-03  2.14324674E-04
3.76751523E-03  1.21917365E-03  2.05464511E-04
3.89104032E-03  1.02646749E-03  2.03537351E-04
4.01456541E-03  1.35010004E-03  1.96953779E-04
4.13809050E-03  1.30079771E-03  1.89751721E-04
4.26161559E-03  1.50289881E-03  1.85644818E-04
4.38514068E-03  1.12786234E-03  1.79237913E-04
4.50866577E-03  1.22975674E-03  1.75146463E-04
4.63219086E-03  1.09620429E-03  1.70809894E-04
4.75571595E-03  1.21715227E-03  1.65768716E-04
4.87924104E-03  1.34499615E-03  1.61443905E-04
5.00276613E-03  1.33600242E-03  1.59648118E-04
5.12629122E-03  1.22399524E-03  1.54920720E-04
5.24981630E-03  1.24783081E-03  1.50834885E-04
5.37334139E-03  1.22383266E-03  1.48594078E-04
5.49686648E-03  1.49292166E-03  1.46320342E-04
5.62039157E-03  1.29637482E-03  1.42853112E-04
5.74391666E-03  1.15487105E-03  1.39100206E-04
5.86744175E-03  1.32796222E-03  1.38417336E-04
5.99096684E-03  1.40098872E-03  1.34556967E-04
6.11449193E-03  1.28049054E-03  1.35298858E-04
6.23801702E-03  1.50040471E-03  1.33015553E-04
6.36154211E-03  1.21809817E-03  1.27992930E-04
6.48506720E-03  1.21515070E-03  1.28512260E-04
6.60859229E-03  1.18286735E-03  1.27019132E-04
6.73211738E-03  1.36550875E-03  1.24749668E-04
6.85564247E-03  1.37811662E-03  1.21401617E-04
6.97916756E-03  1.41196026E-03  1.19989404E-04
7.10269265E-03  1.23117441E-03  1.20805679E-04
7.22621774E-03  1.61605506E-03  1.18873879E-04
7.34974283E-03  1.19668564E-03  1.18148269E-04
7.47326792E-03  1.25038722E-03  1.15590839E-04
7.59679301E-03  1.21245016E-03  1.13134650E-04
7.72031810E-03  1.29585584E-03  1.14277510E-04
7.84384319E-03  1.25270147E-03  1.12388273E-04
7.96736827E-03  1.27865492E-03  1.10548970E-04
8.09089336E-03  1.41767642E-03  1.11452583E-04
8.21441845E-03  1.27475939E-03  1.09370182E-04
8.33794354E-03  1.35846649E-03  1.09004776E-04
8.46146863E-03  1.32960884E-03  1.06608411E-04
8.58499372E-03  1.24506928E-03  1.06632348E-04
8.70851881E-03  1.25412237E-03  1.06275362E-04
8.83204390E-03  1.43669982E-03  1.04701696E-04
8.95556899E-03  1.27109406E-03  1.03766947E-04
9.07909408E-03  1.45568599E-03  1.01206337E-04
9.20261917E-03  1.29863455E-03  1.01547966E-04
9.32614426E-03  1.35180671E-03  1.01903445E-04
9.44966935E-03  1.32810788E-03  1.00024660E-04
9.57319444E-03  1.21870377E-03  9.92120177E-05
9.69671953E-03  1.35027488E-03  9.80299293E-05
9.82024462E-03  1.31597392E-03  9.82841125E-05
9.94376971E-03  1.15677246E-03  9.62188227E-05
1.00672948E-02  1.14874089E-03  9.54993490E-05
1.01908199E-02  1.15814075E-03  9.62420924E-05
1.03143450E-02  1.30184183E-03  9.43165071E-05
1.04378701E-02  1.37584272E-03  9.43334855E-05
1.05613952E-02  1.43145808E-03  9.28579596E-05
1.06849202E-02  1.42659039E-03  9.26396117E-05
1.08084453E-02  1.29121623E-03  9.23894212E-05
1.09319704E-02  1.24773194E-03  9.14462830E-05
1.10554955E-02  1.37506288E-03  9.08987723E-05
1.11790206E-02  1.39920721E-03  8.96729278E-05
1.13025457E-02  1.40342968E-03  8.94622514E-05
1.14260708E-02  1.21939725E-03  8.94799443E-05
1.15495959E-02  1.34519518E-03  8.86697184E-05
1.16731210E-02  1.35954734E-03  8.79050001E-05
1.17966460E-02  1.30761993E-03  8.72495267E-05
1.19201711E-02  1.27902499E-03  8.66551237E-05
1.20436962E-02  1.32354849E-03  8.67850900E-05
1.21672213E-02  1.30058319E-03  8.52061517E-05
1.22907464E-02  1.27629056E-03  8.51817395E-05
1.24142715E-02  1.28183531E-03  8.45980316E-05
1.25377966E-02  1.24733773E-03  8.48044874E-05
1.26613217E-02  1.21744268E-03  8.34211325E-05
1.27848468E-02  1.31916347E-03  8.34694089E-05
1.29083719E-02  1.29595883E-03  8.32686552E-05
1.30318969E-02  1.32817089E-03  8.28315534E-05
1.31554220E-02  1.21585356E-03  8.17656401E-05
1.32789471E-02  1.26015444E-03  8.10248739E-05
1.34024722E-02  1.33167305E-03  8.15866700E-05
1.35259973E-02  1.25746564E-03  8.06075986E-05
1.36495224E-02  1.29619632E-03  8.06102020E-05
1.37730475E-02  1.33486176E-03  7.99146540E-05
1.38965726E-02  1.42819775E-03  7.95126360E-05
1.40200977E-02  1.28151640E-03  7.92607516E-05
1.41436228E-02  1.24292071E-03  7.91143298E-05
1.42671478E-02  1.25228217E-03  7.78491189E-05
1.43906729E-02  1.37365057E-03  7.84204281E-05
1.45141980E-02  1.37663619E-03  7.73983493E-05
1.46377231E-02  1.30629366E-03  7.74932136E-05
1.47612482E-02  1.18210105E-03  7.68652409E-05
1.48847733E-02  1.22853832E-03  7.65570821E-05
1.50082984E-02  1.23383268E-03  7.61311513E-05
1.51318235E-02  1.26434925E-03  7.58589516E-05
1.52553486E-02  1.27371296E-03  7.58858357E-05
1.53788736E-02  1.24883125E-03  7.48511712E-05
1.55023987E-02  1.15472237E-03  7.46603142E-05
1.56259238E-02  1.28262859E-03  7.47654811E-05
1.57494489E-02  1.39182038E-03  7.46980244E-05
1.58729740E-02  1.30133704E-03  7.36608776E-05
1.59964991E-02  1.29522792E-03  7.34281490E-05
1.61200242E-02  1.24095187E-03  7.29874034E-05
1.62435493E-02  1.32415473E-03  7.29285135E-05
1.63670744E-02  1.29815926E-03  7.28190438E-05
1.64905995E-02  1.26906469E-03  7.20321524E-05
1.66141245E-02  1.35972120E-03  7.19338371E-05
1.67376496E-02  1.22889038E-03  7.19865045E-05
1.68611747E-02  1.08632745E-03  7.14293222E-05
1.69846998E-02  1.19768077E-03  7.09283023E-05
1.71082249E-02  1.20056990E-03  7.09410398E-05
1.72317500E-02  1.16680460E-03  7.06333747E-05
1.73552751E-02  1.20718247E-03  7.02868831E-05
1.74788002E-02  1.17572443E-03  6.94266509E-05
1.76023253E-02  1.30592802E-03  7.01465321E-05
1.77258503E-02  1.26938258E-03  6.94823473E-05
1.78493754E-02  1.25086312E-03  6.94604988E-05
1.79729005E-02  1.29874213E-03  6.88178649E-05
1.80964256E-02  1.23503980E-03  6.85358146E-05
1.82199507E-02  1.14666289E-03  6.83191606E-05
1.83434758E-02  1.35265012E-03  6.82810303E-05
1.84670009E-02  1.33541783E-03  6.80950899E-05
1.85905260E-02  1.26172499E-03  6.73451239E-05
1.87140511E-02  1.20403887E-03  6.73862094E-05
1.88375762E-02  1.18826920E-03  6.73080321E-05
1.89611012E-02  1.23944189E-03  6.67949739E-05
1.90846263E-02  1.20454842E-03  6.65361494E-05
1.92081514E-02  1.22069521E-03  6.67177436E-05
1.93316765E-02  1.25502035E-03  6.63479374E-05
1.94552016E-02  1.19217022E-03  6.61458986E-05
1.95787267E-02  1.30081973E-03  6.50908950E-05
1.97022518E-02  1.18350371E-03  6.57341672E-05
1.98257769E-02  1.25833517E-03  6.53281504E-05
1.99493020E-02  1.25699542E-03  6.53696958E-05
2.00728270E-02  1.14649270E-03  6.50395257E-05
2.01963521E-02  1.27939194E-03  6.43890013E-05
2.03198772E-02  1.18963029E-03  6.43569972E-05
2.04434023E-02  1.21138091E-03  6.42588919E-05
2.05669274E-02  1.21199236E-03  6.41587911E-05
2.06904525E-02  1.21366763E-03  6.36220990E-05
2.08139776E-02  1.17377643E-03  6.34219186E-05
2.09375027E-02  1.18306179E-03  6.35723322E-05
2.10610278E-02  1.19206648E-03  6.33055278E-05
2.11845529E-02  1.21032168E-03  6.29159510E-05
2.13080779E-02  1.16568751E-03  6.29626658E-05
2.14316030E-02  1.20959223E-03  6.24031018E-05
2.15551281E-02  1.15184942E-03  6.25840156E-05
2.16786532E-02  1.20858480E-03  6.16979246E-05
2.18021783E-02  1.19143877E-03  6.21048617E-05
2.19257034E-02  1.20242505E-03  6.20127558E-05
2.20492285E-02  1.06350037E-03  6.16649955E-05
2.21727536E-02  1.26786341E-03  6.16334104E-05
2.22962787E-02  1.16005734E-03  6.11277296E-05
2.24198037E-02  1.21026802E-03  6.10357273E-05
2.25433288E-02  1.16311693E-03  6.10954532E-05
2.26668539E-02  1.10317309E-03  6.06315096E-05
2.27903790E-02  1.16475189E-03  6.05701777E-05
2.29139041E-02  1.19313269E-03  6.03342444E-05
2.30374292E-02  1.16870939E-03  6.00827802E-05
2.31609543E-02  1.25207885E-03  6.04760682E-05
2.32844794E-02  1.16733073E-03  5.96963649E-05
2.34080045E-02  1.15837459E-03  5.97711548E-05
2.35315296E-02  1.21028151E-03  5.92863936E-05
2.36550546E-02  1.17472023E-03  5.94920796E-05
2.37785797E-02  1.22445015E-03  5.91428085E-05
2.39021048E-02  1.24534128E-03  5.88221802E-05
2.40256299E-02  1.19748321E-03  5.89209864E-05
2.41491550E-02  1.19158198E-03  5.90927545E-05
2.42726801E-02  1.18791291E-03  5.82737411E-05
2.43962052E-02  1.15920652E-03  5.83598506E-05
2.45197303E-02  1.10533845E-03  5.80475944E-05
2.46432554E-02  1.30099137E-03  5.80719763E-05
2.47667805E-02  1.19289116E-03  5.80381889E-05
2.48903055E-02  1.19079960E-03  5.76230434E-05
2.50138306E-02  1.17748221E-03  5.75705870E-05
2.51373557E-02  1.04064178E-03  5.73898652E-05
2.52608808E-02  1.07425930E-03  5.72920057E-05
2.53844059E-02  1.06535648E-03  5.71261306E-05
2.55079310E-02  1.12050369E-03  5.69531416E-05
2.56314561E-02  1.14150510E-03  5.68867919E-05
2.57549812E-02  1.18524130E-03  5.68487909E-05
2.58785063E-02  1.16616972E-03  5.61672543E-05
2.60020313E-02  1.18736307E-03  5.64614689E-05
2.61255564E-02  1.11802567E-03  5.61954793E-05
2.62490815E-02  1.14877757E-03  5.63835623E-05
2.63726066E-02  1.09890102E-03  5.58955437E-05
2.64961317E-02  1.16004012E-03  5.57157963E-05
2.66196568E-02  1.16839290E-03  5.57446822E-05
2.67431819E-02  1.04610347E-03  5.54281200E-05
2.68667070E-02  1.09507609E-03  5.57344132E-05
2.69902321E-02  1.19939439E-03  5.52624013E-05
2.71137572E-02  1.15441665E-03  5.51249936E-05
2.72372822E-02  1.15984802E-03  5.50291723E-05
2.73608073E-02  1.14520395E-03  5.48912567E-05
2.74843324E-02  1.14246783E-03  5.47079608E-05
2.76078575E-02  1.20688511E-03  5.48491657E-05
2.77313826E-02  1.16038457E-03  5.45893615E-05
2.78549077E-02  1.06924687E-03  5.45599603E-05
2.79784328E-02  1.16255257E-03  5.41756219E-05
2.81019579E-02  1.06973262E-03  5.41446893E-05
2.82254830E-02  1.20808069E-03  5.42129163E-05
2.83490080E-02  1.21002602E-03  5.47645746E-05
2.84725331E-02  1.14106125E-03  5.50965969E-05
2.85960582E-02  1.01975743E-03  5.51385638E-05
2.87195833E-02  1.16867740E-03  5.51601510E-05
2.88431084E-02  1.13309488E-03  5.54329184E-05
2.89666335E-02  1.14064425E-03  5.53202924E-05
2.90901586E-02  1.18981640E-03  5.54894073E-05
2.92136837E-02  1.19601846E-03  5.56386553E-05
2.93372088E-02  1.16161629E-03  5.55677043E-05
2.94607339E-02  1.03476185E-03  5.56900340E-05
2.95842589E-02  1.11174330E-03  5.54157662E-05
2.97077840E-02  1.14669300E-03  5.55286891E-05
2.98313091E-02  1.07669766E-03  5.54615718E-05
2.99548342E-02  1.22977027E-03  5.57568302E-05
3.00783593E-02  1.08703549E-03  5.54984653E-05
3.02018844E-02  1.14549570E-03  5.56243799E-05
3.03254095E-02  1.11497200E-03  5.56396980E-05
3.04489346E-02  1.13976335E-03  5.54582202E-05
3.05724597E-02  1.11186553E-03  5.55346053E-05
3.06959847E-02  1.14364840E-03  5.55493582E-05
3.08195098E-02  1.04838573E-03  5.54628939E-05
3.09430349E-02  1.05024057E-03  5.57051692E-05
3.10665600E-02  1.15506381E-03  5.57393228E-05
3.11900851E-02  1.04620799E-03  5.51626489E-05
3.13136102E-02  1.14028655E-03  5.53547159E-05
3.14371353E-02  1.08510656E-03  5.53777676E-05
3.15606604E-02  1.07878412E-03  5.53068158E-05
3.16841855E-02  1.04651932E-03  5.54408760E-05
3.18077106E-02  1.09406736E-03  5.53791130E-05
3.19312356E-02  1.07145901E-03  5.51418421E-05
3.20547607E-02  1.02328429E-03  5.51845343E-05
3.21782858E-02  1.03660846E-03  5.51644552E-05
3.23018109E-02  1.06299519E-03  5.53700781E-05
3.24253360E-02  1.08980612E-03  5.50288158E-05
3.25488611E-02  1.12206203E-03  5.50892743E-05
3.26723862E-02  1.11440406E-03  5.50666488E-05
3.27959113E-02  1.02493941E-03  5.47917903E-05
3.29194364E-02  1.05581506E-03  5.51202950E-05
3.30429614E-02  1.00324388E-03  5.49121510E-05
3.31664865E-02  1.04451859E-03  5.40485441E-05
3.32900116E-02  1.04689846E-03  5.33287970E-05
3.34135367E-02  1.03870748E-03  5.35011049E-05
3.35370618E-02  1.14602059E-03  5.30536200E-05
3.36605869E-02  1.04884807E-03  5.24435491E-05
3.37841120E-02  1.02277591E-03  5.24590556E-05
3.39076371E-02  1.11685224E-03  5.24915572E-05
3.40311622E-02  1.09019669E-03  5.20412410E-05
3.41546873E-02  1.11790142E-03  5.20196687E-05
3.42782123E-02  1.09162591E-03  5.17118437E-05
3.44017374E-02  1.01714206E-03  5.13443236E-05
3.45252625E-02  1.05702516E-03  5.13879274E-05
3.46487876E-02  1.10877085E-03  5.12255754E-05
3.47723127E-02  1.06485531E-03  5.11733079E-05
3.48958378E-02  1.03664225E-03  5.09713737E-05
3.50193629E-02  1.06444724E-03  5.13686588E-05
3.51428880E-02  1.05599372E-03  5.14438836E-05
3.52664131E-02  9.88660723E-04  5.17029730E-05
3.53899381E-02  9.75712501E-04  5.18483127E-05
3.55134632E-02  1.00466208E-03  5.21297175E-05
3.56369883E-02  1.04140241E-03  5.20481737E-05
3.57605134E-02  1.05786037E-03  5.19178752E-05
3.58840385E-02  1.08441818E-03  5.18929443E-05
3.60075636E-02  9.52171719E-04  5.21236300E-05
3.61310887E-02  1.03971233E-03  5.19720725E-05
3.62546138E-02  1.04420506E-03  5.21731693E-05
3.63781389E-02  1.01741377E-03  5.20885673E-05
3.65016640E-02  1.04210516E-03  5.19541600E-05
3.66251890E-02  1.04150536E-03  5.20909526E-05
3.67487141E-02  1.00539306E-03  5.18471309E-05
3.68722392E-02  9.62401618E-04  5.19738063E-05
3.69957643E-02  9.53095632E-04  5.19697612E-05
3.71192894E-02  9.72678259E-04  5.19142917E-05
3.72428145E-02  1.01553539E-03  5.19732728E-05
3.73663396E-02  1.02715299E-03  5.18156334E-05
3.74898647E-02  1.01834608E-03  5.19576851E-05
3.76133898E-02  1.01208992E-03  5.19225656E-05
3.77369149E-02  1.03000507E-03  5.17984376E-05
3.78604399E-02  1.04526013E-03  5.18021249E-05
3.79839650E-02  9.76623551E-04  5.17373007E-05
3.81074901E-02  1.00605805E-03  5.17261633E-05
3.82310152E-02  1.02290148E-03  5.16211282E-05
3.83545403E-02  9.54428218E-04  5.16426523E-05
3.84780654E-02  1.01483696E-03  5.16973143E-05
3.86015905E-02  9.90356215E-04  5.15827177E-05
3.87251156E-02  1.00168111E-03  5.14660972E-05
3.88486407E-02  9.49235154E-04  5.15192009E-05
3.89721657E-02  9.54560400E-04  5.14595751E-05
3.90956908E-02  9.80629261E-04  5.15662990E-05
3.92192159E-02  9.27180986E-04  5.14854845E-05
3.93427410E-02  9.71795226E-04  5.12127192E-05
3.94662661E-02  9.34171726E-04  5.14147799E-05
3.95897912E-02  1.04463333E-03  5.13848656E-05
3.97133163E-02  9.88935298E-04  5.12335086E-05
3.98368414E-02  1.00009172E-03  5.06856440E-05
3.99603665E-02  9.94499504E-04  5.00288274E-05
4.00838916E-02  9.77807512E-04  4.98798637E-05
4.02074166E-02  9.98273467E-04  4.97130069E-05
4.03309417E-02  9.86529750E-04  4.94674046E-05
4.04544668E-02  1.00209576E-03  4.92006488E-05
4.05779919E-02  9.33407244E-04  4.89162678E-05
4.07015170E-02  9.93463290E-04  4.86490951E-05
4.08250421E-02  9.59500982E-04  4.86446099E-05
4.09485672E-02  9.53144738E-04  4.84175101E-05
4.10720923E-02  9.88754352E-04  4.83209818E-05
4.11956174E-02  9.36707031E-04  4.82764776E-05
4.13191424E-02  9.62961173E-04  4.78104434E-05
4.14426675E-02  9.14124628E-04  4.79084837E-05
4.15661926E-02  8.86121773E-04  4.75389948E-05
4.16897177E-02  9.50609036E-04  4.76745589E-05
4.18132428E-02  9.56693900E-04  4.74366253E-05
4.19367679E-02  8.95333888E-04  4.72010183E-05
4.20602930E-02  9.72066258E-04  4.73111715E-05
4.21838181E-02  9.15010818E-04  4.69453470E-05
4.23073432E-02  9.21851974E-04  4.70284443E-05
4.24308683E-02  9.75462581E-04  4.68486208E-05
4.25543933E-02  1.01043149E-03  4.67202995E-05
4.26779184E-02  9.97536724E-04  4.68150711E-05
4.28014435E-02  9.60010336E-04  4.63116312E-05
4.29249686E-02  9.21680202E-04  4.64357312E-05
4.30484937E-02  9.57608588E-04  4.62212440E-05
4.31720188E-02  9.36317568E-04  4.62317998E-05
4.32955439E-02  9.07698529E-04  4.63588912E-05
4.34190690E-02  9.25838591E-04  4.57136889E-05
4.35425941E-02  8.96021318E-04  4.61222458E-05
4.36661191E-02  8.91658385E-04  4.55305472E-05
4.37896442E-02  9.29436973E-04  4.56730807E-05
4.39131693E-02  9.67606807E-04  4.55346924E-05
4.40366944E-02  9.52376600E-04  4.55875325E-05
4.41602195E-02  8.93425913E-04  4.54461852E-05
4.42837446E-02  8.99187494E-04  4.52442764E-05
4.44072697E-02  8.65761748E-04  4.51581297E-05
4.45307948E-02  9.12270302E-04  4.52807477E-05
4.46543199E-02  9.63545678E-04  4.48926824E-05
4.47778450E-02  9.30613023E-04  4.50743332E-05
4.49013700E-02  8.88157404E-04  4.47686633E-05
4.50248951E-02  9.36242394E-04  4.46737315E-05
4.51484202E-02  9.59093632E-04  4.47445394E-05
4.52719453E-02  8.66275778E-04  4.43823092E-05
4.53954704E-02  8.36856515E-04  4.45481688E-05
4.55189955E-02  8.77054394E-04  4.41818796E-05
4.56425206E-02  8.91092580E-04  4.43061563E-05
4.57660457E-02  8.64581503E-04  4.41073966E-05
4.58895708E-02  8.43752165E-04  4.39996795E-05
4.60130958E-02  8.44108061E-04  4.39682289E-05
4.61366209E-02  8.56595594E-04  4.39131148E-05
4.62601460E-02  8.64034617E-04  4.37550077E-05
4.63836711E-02  8.76475450E-04  4.36100401E-05
4.65071962E-02  8.73187094E-04  4.36752703E-05
4.66307213E-02  9.02529810E-04  4.34456684E-05
4.67542464E-02  8.46117053E-04  4.33922476E-05
4.68777715E-02  8.58281137E-04  4.33263209E-05
4.70012966E-02  8.84457232E-04  4.31781685E-05
4.71248217E-02  9.04716975E-04  4.32766952E-05
4.72483467E-02  8.61805349E-04  4.30124938E-05
4.73718718E-02  8.33531584E-04  4.30909207E-05
4.74953969E-02  7.65745287E-04  4.28944619E-05
4.76189220E-02  7.87529201E-04  4.27744912E-05
4.77424471E-02  8.87358150E-04  4.28163422E-05
4.78659722E-02  8.44838116E-04  4.26062420E-05
4.79894973E-02  8.60263749E-04  4.26280018E-05
4.81130224E-02  8.84456167E-04  4.24410773E-05
4.82365475E-02  8.81545987E-04  4.26662429E-05
4.83600726E-02  8.34902024E-04  4.23068309E-05
4.84835976E-02  8.25433526E-04  4.22107199E-05
4.86071227E-02  8.42991504E-04  4.22495231E-05
4.87306478E-02  7.95331332E-04  4.20450622E-05
4.88541729E-02  8.29017466E-04  4.22363086E-05
4.89776980E-02  8.59267409E-04  4.17795391E-05
4.91012231E-02  8.64890521E-04  4.19354406E-05
4.92247482E-02  8.39646272E-04  4.18228942E-05
4.93482733E-02  7.88608501E-04  4.16978611E-05
4.94717984E-02  7.85155432E-04  4.18373429E-05
4.95953234E-02  8.04650241E-04  4.14426524E-05
4.97188485E-02  8.32418559E-04  4.16661536E-05
4.98423736E-02  8.52975791E-04  4.14929068E-05
4.99658987E-02  8.69794081E-04  4.14503353E-05
5.00894238E-02  8.07471598E-04  4.13418064E-05
5.02129489E-02  8.00916078E-04  4.16779625E-05
5.03364740E-02  8.10868365E-04  4.20379804E-05
5.04599991E-02  7.73803036E-04  4.19030023E-05
5.05835242E-02  8.28869163E-04  4.20795210E-05
5.07070493E-02  8.51380463E-04  4.22310432E-05
5.08305743E-02  7.16115529E-04  4.20050563E-05
5.09540994E-02  8.30689716E-04  4.24674762E-05
5.10776245E-02  8.21208262E-04  4.21317284E-05
5.12011496E-02  8.33963118E-04  4.23287927E-05
5.13246747E-02  8.25461853E-04  4.22889528E-05
5.14481998E-02  8.40624400E-04  4.23151976E-05
5.15717249E-02  8.25002348E-04  4.23882007E-05
5.16952500E-02  8.36766784E-04  4.22415619E-05
5.18187751E-02  7.70600714E-04  4.19751380E-05
5.19423001E-02  7.68116288E-04  4.16103415E-05
5.20658252E-02  8.23367130E-04  4.15165052E-05
5.21893503E-02  7.75475562E-04  4.14014856E-05
5.23128754E-02  7.78160728E-04  4.12644334E-05
5.24364005E-02  8.41599024E-04  4.12803524E-05
5.25599256E-02  8.17231100E-04  4.09532751E-05
5.26834507E-02  7.43162390E-04  4.09633630E-05
5.28069758E-02  7.64091101E-04  4.09021905E-05
5.29305009E-02  8.09727234E-04  4.09312394E-05
5.30540260E-02  7.56486364E-04  4.08909020E-05
5.31775510E-02  7.15456492E-04  4.03825675E-05
5.33010761E-02  8.19717514E-04  4.06418296E-05
5.34246012E-02  7.74923237E-04  4.06596046E-05
5.35481263E-02  7.81954660E-04  4.04381902E-05
5.36716514E-02  7.20367839E-04  4.05089543E-05
5.37951765E-02  6.87696586E-04  4.01621088E-05
5.39187016E-02  7.60719934E-04  4.04881467E-05
5.40422267E-02  7.60480072E-04  4.01933078E-05
5.41657518E-02  8.14458166E-04  4.02039282E-05
5.42892768E-02  6.55280823E-04  4.00432196E-05
5.44128019E-02  7.71834478E-04  3.99323147E-05
5.45363270E-02  7.32302655E-04  4.02259521E-05
5.46598521E-02  7.92143090E-04  3.99439924E-05
5.47833772E-02  7.71174047E-04  3.98769272E-05
5.49069023E-02  7.33370023E-04  3.97808888E-05
5.50304274E-02  7.19976609E-04  3.97021759E-05
5.51539525E-02  7.41025987E-04  3.99194928E-05
5.52774776E-02  7.74669133E-04  3.96226391E-05
5.54010027E-02  7.02078503E-04  3.95899021E-05
5.55245277E-02  7.57510775E-04  3.97186420E-05
5.56480528E-02  7.05780753E-04  3.93673289E-05
5.57715779E-02  6.87553809E-04  3.94742648E-05
5.58951030E-02  7.23803030E-04  3.94540325E-05
5.60186281E-02  7.33563474E-04  3.93826625E-05
5.61421532E-02  7.40946189E-04  3.93362695E-05
5.62656783E-02  7.27028561E-04  3.92265615E-05
5.63892034E-02  7.13391260E-04  3.92351040E-05
5.65127285E-02  7.30344519E-04  3.92078727E-05
5.66362535E-02  6.89346980E-04  3.92605958E-05
5.67597786E-02  6.93328386E-04  3.90158323E-05
5.68833037E-02  7.23522044E-04  3.89586779E-05
5.70068288E-02  7.40325232E-04  3.90176717E-05
5.71303539E-02  6.55671011E-04  3.89655043E-05
5.72538790E-02  6.91931712E-04  3.89334137E-05
5.73774041E-02  6.44620371E-04  3.88220610E-05
5.75009292E-02  7.10973710E-04  3.87785394E-05
5.76244543E-02  6.90791709E-04  3.88231334E-05
5.77479794E-02  7.38940475E-04  3.87524678E-05
5.78715044E-02  7.38441522E-04  3.86263749E-05
5.79950295E-02  7.19754276E-04  3.84737873E-05
5.81185546E-02  6.84238597E-04  3.85603835E-05
5.82420797E-02  7.39572949E-04  3.84683148E-05
5.83656048E-02  7.04208123E-04  3.84553250E-05
5.84891299E-02  6.44263573E-04  3.82695190E-05
5.86126550E-02  7.35881502E-04  3.81518579E-05
5.87361801E-02  7.05343237E-04  3.83902762E-05
5.88597052E-02  7.41638797E-04  3.81468894E-05
5.89832302E-02  6.68037419E-04  3.80238924E-05
5.91067553E-02  7.10244109E-04  3.79686328E-05
5.92302804E-02  6.81052335E-04  3.79984621E-05
5.93538055E-02  6.25874995E-04  3.80657386E-05
5.94773306E-02  6.99728385E-04  3.78677876E-05
5.96008557E-02  6.74805797E-04  3.78237491E-05
5.97243808E-02  7.11821710E-04  3.78730030E-05
5.98479059E-02  6.34300242E-04  3.77142233E-05
5.99714310E-02  6.92665842E-04  3.77999559E-05
6.00949561E-02  6.38070449E-04  3.76052444E-05
6.02184811E-02  6.78953110E-04  3.76774590E-05
6.03420062E-02  6.98623132E-04  3.77400465E-05
6.04655313E-02  6.59965941E-04  3.74629166E-05
6.05890564E-02  7.11493055E-04  3.76301715E-05
6.07125815E-02  6.83174801E-04  3.74173352E-05
6.08361066E-02  7.05909847E-04  3.76837383E-05
6.09596317E-02  6.83756711E-04  3.74478488E-05
6.10831568E-02  6.36451642E-04  3.72988257E-05
6.12066819E-02  6.98092730E-04  3.74133622E-05
6.13302070E-02  6.82612241E-04  3.73403160E-05
6.14537320E-02  6.63348503E-04  3.73811022E-05
6.15772571E-02  7.01662679E-04  3.72240477E-05
6.17007822E-02  6.88305722E-04  3.71546865E-05
6.18243073E-02  7.02252467E-04  3.71845137E-05
6.19478324E-02  6.66474640E-04  3.69897067E-05
6.20713575E-02  6.28486473E-04  3.70650618E-05
6.21948826E-02  6.93162587E-04  3.68929253E-05
6.23184077E-02  6.92197127E-04  3.69870474E-05
6.24419328E-02  6.51732717E-04  3.68843408E-05
6.25654578E-02  7.31851420E-04  3.67297112E-05
6.26889829E-02  6.21778052E-04  3.68031249E-05
6.28125080E-02  6.26005041E-04  3.65527780E-05
6.29360331E-02  6.64241026E-04  3.69099801E-05
6.30595582E-02  6.49764787E-04  3.66592144E-05
6.31830833E-02  6.44875085E-04  3.65161335E-05
6.33066084E-02  6.80636157E-04  3.65063972E-05
6.34301335E-02  5.83877554E-04  3.64598011E-05
6.35536586E-02  6.95096805E-04  3.66361503E-05
6.36771837E-02  6.25128305E-04  3.63338188E-05
6.38007087E-02  6.39885093E-04  3.64055761E-05
6.39242338E-02  6.62864361E-04  3.64553051E-05
6.40477589E-02  6.10960867E-04  3.61535135E-05
6.41712840E-02  6.96631994E-04  3.63743610E-05
6.42948091E-02  6.47494313E-04  3.61929176E-05
6.44183342E-02  6.20568325E-04  3.62168578E-05
6.45418593E-02  5.50069326E-04  3.63606439E-05
6.46653844E-02  6.13463287E-04  3.61290508E-05
6.47889095E-02  6.02012765E-04  3.61153701E-05
6.49124345E-02  6.22853719E-04  3.59518436E-05
6.50359596E-02  5.73287313E-04  3.60594147E-05
6.51594847E-02  5.99569799E-04  3.60941405E-05
6.52830098E-02  6.55360601E-04  3.60034053E-05
6.54065349E-02  6.01434294E-04  3.60444158E-05
6.55300600E-02  6.34013012E-04  3.58452713E-05
6.56535851E-02  6.34266976E-04  3.59004338E-05
6.57771102E-02  6.54341250E-04  3.58867557E-05
6.59006353E-02  6.39296891E-04  3.58132793E-05
6.60241604E-02  5.95635507E-04  3.58426465E-05
6.61476854E-02  6.36730149E-04  3.57406459E-05
6.62712105E-02  6.39750968E-04  3.56271176E-05
6.63947356E-02  6.27810436E-04  3.57042968E-05
6.65182607E-02  5.93895639E-04  3.56006172E-05
6.66417858E-02  5.76114081E-04  3.56261459E-05
6.67653109E-02  6.02441224E-04  3.55016075E-05
6.68888360E-02  6.10397154E-04  3.55783850E-05
6.70123611E-02  6.17153507E-04  3.54331146E-05
6.71358862E-02  5.90299444E-04  3.55419414E-05
6.72594112E-02  5.82681854E-04  3.53957098E-05
6.73829363E-02  6.46643351E-04  3.53803826E-05
6.75064614E-02  5.68343226E-04  3.53732404E-05
6.76299865E-02  6.01492190E-04  3.52416747E-05
6.77535116E-02  6.39870604E-04  3.54078094E-05
6.78770367E-02  5.56381637E-04  3.51178541E-05
6.80005618E-02  5.96224211E-04  3.52208985E-05
6.81240869E-02  5.74887688E-04  3.51974561E-05
6.82476120E-02  6.39417347E-04  3.51059446E-05
6.83711371E-02  5.63424520E-04  3.51075899E-05
6.84946621E-02  5.93486782E-04  3.50017911E-05
6.86181872E-02  5.64339515E-04  3.50914337E-05
6.87417123E-02  6.04764623E-04  3.49977267E-05
6.88652374E-02  5.83773385E-04  3.48693152E-05
6.89887625E-02  6.04687126E-04  3.49266298E-05
6.91122876E-02  5.68561692E-04  3.47429399E-05
6.92358127E-02  5.38047932E-04  3.49224258E-05
6.93593378E-02  5.67185439E-04  3.48076741E-05
6.94828629E-02  5.63105447E-04  3.47318732E-05
6.96063879E-02  5.39467742E-04  3.48352962E-05
6.97299130E-02  6.02758221E-04  3.46192577E-05
6.98534381E-02  5.02139677E-04  3.46770898E-05
6.99769632E-02  5.54583305E-04  3.45339208E-05
7.01004883E-02  5.84212663E-04  3.46405534E-05
7.02240134E-02  5.98474916E-04  3.45662540E-05
7.03475385E-02  5.83564002E-04  3.44426309E-05
7.04710636E-02  5.75935296E-04  3.45756184E-05
7.05945887E-02  5.65771620E-04  3.43535809E-05
7.07181138E-02  5.38644667E-04  3.44446318E-05
7.08416388E-02  5.40713951E-04  3.44003345E-05
7.09651639E-02  5.62127141E-04  3.43279855E-05
7.10886890E-02  5.47477617E-04  3.43243236E-05
7.12122141E-02  5.86943831E-04  3.41465368E-05
7.13357392E-02  5.67253257E-04  3.42981731E-05
7.14592643E-02  5.59142575E-04  3.41836379E-05
7.15827894E-02  6.06466694E-04  3.41020633E-05
7.17063145E-02  5.97124312E-04  3.42386778E-05
7.18298396E-02  5.59755032E-04  3.39442522E-05
7.19533647E-02  5.45854031E-04  3.42126687E-05
7.20768897E-02  5.65905539E-04  3.40012275E-05
7.22004148E-02  5.39909364E-04  3.39565522E-05
7.23239399E-02  5.30422587E-04  3.40494022E-05
7.24474650E-02  5.32381812E-04  3.38410352E-05
7.25709901E-02  5.54999011E-04  3.40640898E-05
7.26945152E-02  5.70757607E-04  3.38552343E-05
7.28180403E-02  5.53550966E-04  3.38118052E-05
7.29415654E-02  5.64591634E-04  3.39578473E-05
7.30650905E-02  5.12235145E-04  3.37206047E-05
7.31886155E-02  5.34463558E-04  3.38683400E-05
7.33121406E-02  5.69257800E-04  3.36934412E-05
7.34356657E-02  5.05985227E-04  3.37111459E-05
7.35591908E-02  5.48606442E-04  3.37741889E-05
7.36827159E-02  5.04021998E-04  3.36189581E-05
7.38062410E-02  5.57918450E-04  3.36902486E-05
7.39297661E-02  5.17826421E-04  3.35401457E-05
7.40532912E-02  5.29237895E-04  3.36550158E-05
7.41768163E-02  5.28675536E-04  3.35049881E-05
7.43003414E-02  5.13787482E-04  3.35121253E-05
7.44238664E-02  5.45449493E-04  3.36036123E-05
7.45473915E-02  4.96640289E-04  3.33154596E-05
7.46709166E-02  5.02419677E-04  3.34909529E-05
7.47944417E-02  4.67361055E-04  3.33056694E-05
7.49179668E-02  5.03782420E-04  3.34191629E-05
7.50414919E-02  4.72528735E-04  3.33068688E-05
7.51650170E-02  5.10953403E-04  3.32762186E-05
7.52885421E-02  4.91132500E-04  3.33009319E-05
7.54120672E-02  5.13782107E-04  3.31775908E-05
7.55355922E-02  5.05854385E-04  3.32538622E-05
7.56591173E-02  5.27033242E-04  3.31215308E-05
7.57826424E-02  5.21849517E-04  3.31849671E-05
7.59061675E-02  5.12309040E-04  3.31286651E-05
7.60296926E-02  5.24016829E-04  3.30480532E-05
7.61532177E-02  4.74907383E-04  3.30607908E-05
7.62767428E-02  4.93275993E-04  3.30047050E-05
7.64002679E-02  4.66975769E-04  3.30900052E-05
7.65237930E-02  5.25847002E-04  3.29833230E-05
7.66473181E-02  4.86184367E-04  3.29022820E-05
7.67708431E-02  5.09671324E-04  3.30331500E-05
7.68943682E-02  5.03185328E-04  3.28120078E-05
7.70178933E-02  4.73680353E-04  3.31313384E-05
7.71414184E-02  5.08894209E-04  3.32118581E-05
7.72649435E-02  5.14653719E-04  3.32902124E-05
7.73884686E-02  4.37075276E-04  3.34394939E-05
7.75119937E-02  4.61244547E-04  3.33232920E-05
7.76355188E-02  5.02028951E-04  3.36146049E-05
7.77590439E-02  4.62298832E-04  3.33345198E-05
7.78825689E-02  5.09001461E-04  3.36372900E-05
7.80060940E-02  4.72921158E-04  3.36463171E-05
7.81296191E-02  5.10545042E-04  3.35347740E-05
7.82531442E-02  4.41023969E-04  3.37115152E-05
7.83766693E-02  4.62797370E-04  3.35357051E-05
7.85001944E-02  4.86529863E-04  3.37640401E-05
7.86237195E-02  4.33672515E-04  3.38002010E-05
7.87472446E-02  4.63338555E-04  3.35024930E-05
7.88707697E-02  4.54239501E-04  3.38371037E-05
7.89942948E-02  4.25232965E-04  3.36792151E-05
7.91178198E-02  4.11890280E-04  3.37890371E-05
7.92413449E-02  4.53102671E-04  3.37605474E-05
7.93648700E-02  5.08468990E-04  3.36709273E-05
7.94883951E-02  4.07788693E-04  3.38603743E-05
7.96119202E-02  4.51086193E-04  3.36662534E-05
7.97354453E-02  4.38767123E-04  3.38762077E-05
7.98589704E-02  4.55504838E-04  3.37282645E-05
7.99824955E-02  4.71069406E-04  3.38347936E-05
8.01060206E-02  4.91953936E-04  3.38443334E-05
8.02295456E-02  4.37640292E-04  3.38258994E-05
8.03530707E-02  4.80657612E-04  3.38592274E-05
8.04765958E-02  4.63535650E-04  3.37479409E-05
8.06001209E-02  5.13384141E-04  3.38630144E-05
8.07236460E-02  4.89320521E-04  3.38594037E-05
8.08471711E-02  5.09781508E-04  3.37731475E-05
8.09706962E-02  4.97714351E-04  3.39338157E-05
8.10942213E-02  5.14397627E-04  3.38088766E-05
8.12177464E-02  4.65359970E-04  3.38897402E-05
8.13412715E-02  4.37418185E-04  3.37624601E-05
8.14647965E-02  4.51934897E-04  3.38084499E-05
8.15883216E-02  4.64987791E-04  3.39478008E-05
8.17118467E-02  4.61618598E-04  3.37883567E-05
8.18353718E-02  4.85807055E-04  3.39104362E-05
8.19588969E-02  4.38518349E-04  3.36974492E-05
8.20824220E-02  4.41709090E-04  3.38980259E-05
8.22059471E-02  4.36623916E-04  3.38391265E-05
8.23294722E-02  4.28131605E-04  3.37040523E-05
8.24529973E-02  4.81500281E-04  3.38897186E-05
8.25765223E-02  4.47802754E-04  3.36642730E-05
8.27000474E-02  4.57824960E-04  3.38318855E-05
8.28235725E-02  3.82414989E-04  3.37457486E-05
8.29470976E-02  4.49897002E-04  3.36387310E-05
8.30706227E-02  3.91298881E-04  3.37251808E-05
8.31941478E-02  3.94696224E-04  3.36217459E-05
8.33176729E-02  4.49842746E-04  3.36691430E-05
8.34411980E-02  3.90031054E-04  3.36170171E-05
8.35647231E-02  4.37011891E-04  3.35004638E-05
8.36882482E-02  4.30025760E-04  3.37023227E-05
8.38117732E-02  4.19648460E-04  3.34372726E-05
8.39352983E-02  4.05083240E-04  3.37004858E-05
8.40588234E-02  3.92472315E-04  3.34168525E-05
8.41823485E-02  4.64956620E-04  3.35627453E-05
8.43058736E-02  4.46096472E-04  3.36040395E-05
8.44293987E-02  4.38182980E-04  3.34267071E-05
8.46146863E-02  4.64042717E-04  2.37220185E-05
8.47999740E-02  3.97174236E-04  3.35278463E-05
8.49234991E-02  4.55881710E-04  3.34953348E-05
8.50470241E-02  3.91105445E-04  3.33583736E-05
8.51705492E-02  3.63680668E-04  3.35352601E-05
8.52940743E-02  3.91401284E-04  3.33406525E-05
8.54175994E-02  4.11545517E-04  3.34644246E-05
8.55411245E-02  4.05757077E-04  3.33343225E-05
8.56646496E-02  4.54923446E-04  3.32381259E-05
8.57881747E-02  4.23961594E-04  3.35155508E-05
8.59116998E-02  4.83610002E-04  3.32510569E-05
8.60352249E-02  4.67821183E-04  3.34651648E-05
8.61587499E-02  4.11832462E-04  3.32098863E-05
8.62822750E-02  4.08766313E-04  3.32364005E-05
8.64675627E-02  3.99773155E-04  2.34890366E-05
8.66528503E-02  3.74136878E-04  3.32797801E-05
8.67763754E-02  3.77550091E-04  3.30950066E-05
8.68999005E-02  4.38799826E-04  3.33023517E-05
8.70234256E-02  3.78103196E-04  3.32202310E-05
8.71469507E-02  3.90647156E-04  3.30788856E-05
8.72704758E-02  4.35923832E-04  3.32386228E-05
8.73940008E-02  4.39254897E-04  3.31048449E-05
8.75175259E-02  4.57610650E-04  3.32173658E-05
8.76410510E-02  4.36768081E-04  3.31514912E-05
8.77645761E-02  3.70662999E-04  3.30992728E-05
8.79498637E-02  3.79191326E-04  2.34009710E-05
8.81351514E-02  3.78362178E-04  3.32067659E-05
8.82586765E-02  4.43612365E-04  3.30459826E-05
8.83822016E-02  4.10138452E-04  3.31528997E-05
8.85057266E-02  3.30018105E-04  3.30636252E-05
8.86292517E-02  3.97878794E-04  3.30198543E-05
8.87527768E-02  3.98595286E-04  3.31435922E-05
8.88763019E-02  4.05868740E-04  3.29808513E-05
8.89998270E-02  3.87603065E-04  3.30993438E-05
8.91233521E-02  3.67106369E-04  3.30195371E-05
8.93086397E-02  3.90676075E-04  2.33676141E-05
8.94939274E-02  3.89732352E-04  3.29314138E-05
8.96174525E-02  3.95627062E-04  3.30843912E-05
8.97409775E-02  3.80974173E-04  3.29370994E-05
8.98645026E-02  4.41314429E-04  3.30011555E-05
8.99880277E-02  4.31391622E-04  3.30150629E-05
9.01115528E-02  3.92507980E-04  3.30092127E-05
9.02350779E-02  3.64701940E-04  3.30358799E-05
9.04203655E-02  3.50768092E-04  2.32469661E-05
9.06056532E-02  3.67726620E-04  3.28988779E-05
9.07291783E-02  3.70210564E-04  3.29690097E-05
9.08527033E-02  3.89429871E-04  3.29782218E-05
9.09762284E-02  3.41165624E-04  3.27465579E-05
9.10997535E-02  3.58505851E-04  3.29504387E-05
9.12232786E-02  3.56831239E-04  3.28429296E-05
9.14085663E-02  3.62438399E-04  2.32367758E-05
9.15938539E-02  3.29936227E-04  3.28097214E-05
9.17173790E-02  3.72155064E-04  3.29341307E-05
9.18409041E-02  3.47839341E-04  3.27097794E-05
9.19644292E-02  3.78944359E-04  3.27877575E-05
9.20879542E-02  3.34282221E-04  3.28561435E-05
9.22114793E-02  3.45893247E-04  3.27209000E-05
9.23967670E-02  3.33921484E-04  2.32073268E-05
9.25820546E-02  3.59596503E-04  3.27132470E-05
9.27055797E-02  3.62621647E-04  3.27710233E-05
9.28291048E-02  3.28202105E-04  3.26690823E-05
9.29526299E-02  3.36242316E-04  3.27956236E-05
9.30761550E-02  3.77490426E-04  3.26294674E-05
9.32614426E-02  3.59457806E-04  2.31423066E-05
9.34467302E-02  3.62080397E-04  3.26602628E-05
9.35702553E-02  3.69234290E-04  3.26777018E-05
9.36937804E-02  2.51061049E-04  3.25958117E-05
9.38173055E-02  3.40446729E-04  3.27305267E-05
9.39408306E-02  2.83812964E-04  3.25870557E-05
9.41261182E-02  3.81535426E-04  2.30556624E-05
9.43114059E-02  3.51280789E-04  3.25755901E-05
9.44349309E-02  3.36336687E-04  3.26494569E-05
9.45584560E-02  3.27812882E-04  3.24972967E-05
9.46819811E-02  3.30869933E-04  3.25467705E-05
9.48055062E-02  3.11895278E-04  3.26390587E-05
9.49907938E-02  3.08102228E-04  2.30133166E-05
9.51760815E-02  3.52918582E-04  3.23798766E-05
9.52996066E-02  3.12784562E-04  3.25716879E-05
9.54231317E-02  3.91980688E-04  3.24909314E-05
9.55466568E-02  3.09483305E-04  3.25081958E-05
9.57319444E-02  3.15877126E-04  2.29464733E-05
9.59172320E-02  3.98574080E-04  3.25601439E-05
9.60407571E-02  3.35869594E-04  3.24239858E-05
9.61642822E-02  3.34910189E-04  3.24612886E-05
9.62878073E-02  3.58921444E-04  3.25279329E-05
9.64730949E-02  3.63058000E-04  2.32595952E-05
9.66583826E-02  3.35780768E-04  3.29843178E-05
9.67819076E-02  3.39173701E-04  3.30896209E-05
9.69054327E-02  3.38511615E-04  3.31545387E-05
9.70289578E-02  3.29016999E-04  3.32715534E-05
9.72142455E-02  3.38117256E-04  2.35613706E-05
9.73995331E-02  3.24807694E-04  3.34745560E-05
9.75230582E-02  3.13411143E-04  3.33959085E-05
9.76465833E-02  2.66321257E-04  3.35487807E-05
9.78318709E-02  3.44394952E-04  2.37454092E-05
9.80171585E-02  2.85974707E-04  3.37367673E-05
9.81406836E-02  3.08619373E-04  3.36010956E-05
9.82642087E-02  3.37609790E-04  3.37128855E-05
9.83877338E-02  3.20165325E-04  3.37840400E-05
9.85730214E-02  2.83027400E-04  2.39265784E-05
9.87583091E-02  3.39800982E-04  3.38427095E-05
9.88818342E-02  3.20720321E-04  3.38601369E-05
9.90053593E-02  3.15902405E-04  3.39050972E-05
9.91906469E-02  2.86123661E-04  2.40628521E-05
9.93759345E-02  3.10971980E-04  3.39358868E-05
9.94994596E-02  3.11357810E-04  3.40501803E-05
9.96229847E-02  3.09247065E-04  3.40415698E-05
9.98082723E-02  3.12455300E-04  2.41442598E-05
9.99935600E-02  2.51246534E-04  3.40273904E-05
1.00117085E-01  2.77667666E-04  3.42307760E-05
1.00240610E-01  2.93948603E-04  3.42085321E-05
1.00425898E-01  2.97474051E-04  2.41996634E-05
1.00611185E-01  3.32455220E-04  3.42408009E-05
1.00734711E-01  2.57978581E-04  3.43600380E-05
1.00858236E-01  3.16123711E-04  3.44133854E-05
1.01043523E-01  3.14873990E-04  2.42568591E-05
1.01228811E-01  3.11290118E-04  3.39308852E-05
1.01352336E-01  3.24763372E-04  3.38491380E-05
1.01475861E-01  2.93002831E-04  3.37912535E-05
1.01661149E-01  3.31787928E-04  2.37589207E-05
1.01846436E-01  2.84836140E-04  3.35801441E-05
1.01969961E-01  2.90799637E-04  3.35323033E-05
1.02155249E-01  2.74684852E-04  2.35916911E-05
1.02340537E-01  3.13093248E-04  3.32466211E-05
1.02464062E-01  3.27031460E-04  3.32545610E-05
1.02587587E-01  2.85235525E-04  3.31791198E-05
1.02772874E-01  2.79115462E-04  2.34548075E-05
1.02958162E-01  2.83471173E-04  3.34734930E-05
1.03081687E-01  2.68763224E-04  3.35373892E-05
1.03266975E-01  2.90644385E-04  2.37919025E-05
1.03452262E-01  2.74061003E-04  3.38869589E-05
1.03575788E-01  2.94747174E-04  3.38731091E-05
1.03699313E-01  3.19952812E-04  3.38803158E-05
1.03884600E-01  2.87559501E-04  2.40060481E-05
1.04069888E-01  3.43203425E-04  3.42018647E-05
1.04193413E-01  3.14882036E-04  3.39537447E-05
1.04378701E-01  2.59805117E-04  2.41579146E-05
1.04563988E-01  3.07041852E-04  3.42388213E-05
1.04687513E-01  2.72992311E-04  3.41114897E-05
1.04872801E-01  2.72175686E-04  2.42500213E-05
1.05058089E-01  2.76123937E-04  3.43730002E-05
1.05181614E-01  2.60623873E-04  3.43012864E-05
1.05366901E-01  2.80195953E-04  2.42260195E-05
1.05552189E-01  2.71407801E-04  3.45211450E-05
1.05675714E-01  2.52235215E-04  3.44529824E-05
1.05799239E-01  2.14837703E-04  3.44935951E-05
1.05984527E-01  2.42146726E-04  2.43120572E-05
1.06169814E-01  2.16671042E-04  3.46318260E-05
1.06293340E-01  3.14921131E-04  3.43656145E-05
1.06478627E-01  2.80639877E-04  2.44459620E-05
1.06663915E-01  2.77083377E-04  3.46271323E-05
1.06787440E-01  2.61025036E-04  3.45617337E-05
1.06972728E-01  2.59539691E-04  2.44466191E-05
1.07158015E-01  1.83528409E-04  3.47250111E-05
1.07281540E-01  2.57940376E-04  3.47396195E-05
1.07466828E-01  2.82394013E-04  2.44908460E-05
1.07652116E-01  3.13896838E-04  3.47170982E-05
1.07775641E-01  2.81279423E-04  3.48175435E-05
1.07960928E-01  2.59518194E-04  2.45085778E-05
1.08146216E-01  2.83903238E-04  3.48685757E-05
1.08331504E-01  3.05248722E-04  2.45592440E-05
1.08516791E-01  2.55031538E-04  3.46954353E-05
1.08640316E-01  2.73474961E-04  3.48278306E-05
1.08825604E-01  2.33482295E-04  2.46013738E-05
1.09010892E-01  2.51012958E-04  3.46043452E-05
1.09134417E-01  2.45796021E-04  3.48346643E-05
1.09319704E-01  2.14682849E-04  2.45738607E-05
1.09504992E-01  2.47932379E-04  3.46556282E-05
1.09628517E-01  3.01384652E-04  3.48241447E-05
1.09813805E-01  2.48018375E-04  2.46388061E-05
1.09999092E-01  2.65681338E-04  3.47048726E-05
1.10184380E-01  2.99703169E-04  2.46259641E-05
1.10369667E-01  2.76020936E-04  3.49119531E-05
1.10493193E-01  2.61329812E-04  3.47724031E-05
1.10678480E-01  2.43603637E-04  2.46108123E-05
1.10863768E-01  2.80100343E-04  3.48773541E-05
1.10987293E-01  2.48123901E-04  3.48469627E-05
1.11172581E-01  2.40359513E-04  2.46094689E-05
1.11357868E-01  2.06568822E-04  3.49337574E-05
1.11543156E-01  2.55315869E-04  2.46484240E-05
1.11728443E-01  1.99904355E-04  3.48573260E-05
1.11851969E-01  2.56956733E-04  3.48736642E-05
1.12037256E-01  2.46729765E-04  2.46777934E-05
1.12222544E-01  2.11304506E-04  3.47883051E-05
1.12407831E-01  1.95807521E-04  2.47172976E-05
1.12593119E-01  2.48750355E-04  3.49291814E-05
1.12716644E-01  2.84683042E-04  3.48578769E-05
1.12901932E-01  2.77107907E-04  2.47740282E-05
1.13087219E-01  2.28240573E-04  3.49257047E-05
1.13272507E-01  1.78134485E-04  2.46716553E-05
1.13457795E-01  2.33366348E-04  3.50610061E-05
1.13643082E-01  2.68978948E-04  2.47851718E-05
1.13828370E-01  2.29099508E-04  3.51236880E-05
1.13951895E-01  2.59079591E-04  3.49802846E-05
1.14137183E-01  2.35174363E-04  2.47742427E-05
1.14322470E-01  1.88623300E-04  3.50384413E-05
1.14507758E-01  2.34252329E-04  2.48199514E-05
1.14693046E-01  2.06697064E-04  3.49275550E-05
1.14878333E-01  2.52509699E-04  2.47618684E-05
1.15063621E-01  1.60930045E-04  3.50822677E-05
1.15187146E-01  2.04317028E-04  3.49651172E-05
1.15372434E-01  2.29537205E-04  2.47185508E-05
1.15557721E-01  3.08421183E-04  3.49405184E-05
1.15743009E-01  2.33598071E-04  2.47838612E-05
1.15928297E-01  2.63339904E-04  3.50280350E-05
1.16113584E-01  2.04426350E-04  2.47528601E-05
1.16298872E-01  2.48435486E-04  3.52741570E-05
1.16484159E-01  2.23849605E-04  2.50593966E-05
1.16669447E-01  2.17789994E-04  3.55816121E-05
1.16792972E-01  1.82518665E-04  3.56217208E-05
1.16978260E-01  2.00181533E-04  2.52281352E-05
1.17163547E-01  2.05463383E-04  3.56797529E-05
1.17348835E-01  2.37064296E-04  2.53626440E-05
1.17534123E-01  2.42986433E-04  3.58665458E-05
1.17719410E-01  2.79457300E-04  2.54646871E-05
1.17904698E-01  2.31391612E-04  3.61145487E-05
1.18089986E-01  1.69766998E-04  2.54899392E-05
1.18275273E-01  1.91415208E-04  3.62255189E-05
1.18460561E-01  1.76674406E-04  2.55905165E-05
1.18645848E-01  2.04988442E-04  3.62620378E-05
1.18831136E-01  1.86168680E-04  2.55840306E-05
1.19016424E-01  2.24631161E-04  3.61478018E-05
1.19201711E-01  1.75415189E-04  2.55947218E-05
1.19386999E-01  2.28468613E-04  3.62748640E-05
1.19572287E-01  2.43813709E-04  2.55677381E-05
1.19757574E-01  2.27074233E-04  3.61832023E-05
1.19942862E-01  1.94343784E-04  2.55830617E-05
1.20128150E-01  1.61328580E-04  3.62752770E-05
1.20313437E-01  2.16882984E-04  2.54827486E-05
1.20498725E-01  1.75034278E-04  3.61384902E-05
1.20684012E-01  1.56700719E-04  2.55615803E-05
1.20869300E-01  1.80301281E-04  3.61356896E-05
1.21054588E-01  2.21138568E-04  2.55187417E-05
1.21239875E-01  2.19706197E-04  3.60015210E-05
1.21425163E-01  1.80097882E-04  2.55477274E-05
1.21610451E-01  2.04323185E-04  3.60192548E-05
1.21795738E-01  2.22330667E-04  2.54919545E-05
1.21981026E-01  1.73454513E-04  3.59820288E-05
1.22166314E-01  1.88884509E-04  2.55199046E-05
1.22351601E-01  1.87856709E-04  3.59756734E-05
1.22536889E-01  2.47736198E-04  2.54385892E-05
1.22722176E-01  2.07601630E-04  3.60848570E-05
1.22907464E-01  2.15058739E-04  2.54394333E-05
1.23092752E-01  2.10691381E-04  3.59713210E-05
1.23278039E-01  1.61857406E-04  2.54418977E-05
1.23525090E-01  1.77201890E-04  2.53688655E-05
1.23710377E-01  2.26015497E-04  3.59253124E-05
1.23895665E-01  1.50806954E-04  2.53348942E-05
1.24080952E-01  2.35035640E-04  3.58145220E-05
1.24266240E-01  2.02283458E-04  2.53193310E-05
1.24451528E-01  1.66615589E-04  3.57835166E-05
1.24636815E-01  2.29734010E-04  2.52646632E-05
1.24822103E-01  1.93676431E-04  3.58405033E-05
1.25007391E-01  1.61108212E-04  2.52409984E-05
1.25254441E-01  1.92409351E-04  2.51875256E-05
1.25439728E-01  1.48242503E-04  3.56577452E-05
1.25625016E-01  1.74894003E-04  2.51663837E-05
1.25810304E-01  2.09085327E-04  3.55076052E-05
1.25995591E-01  1.60488595E-04  2.51361415E-05
1.26180879E-01  1.87509265E-04  3.54594023E-05
1.26366167E-01  2.02726759E-04  2.51002454E-05
1.26613217E-01  1.94035453E-04  2.50989203E-05
1.26798504E-01  1.49265036E-04  3.52897744E-05
1.26983792E-01  2.08365586E-04  2.50292943E-05
1.27169080E-01  1.93823702E-04  3.55017533E-05
1.27354367E-01  1.90394095E-04  2.49793667E-05
1.27539655E-01  1.88701726E-04  3.54164123E-05
1.27724943E-01  1.58745345E-04  2.49912502E-05
1.27971993E-01  1.63023012E-04  2.49957956E-05
1.28157280E-01  1.44158684E-04  3.53657136E-05
1.28342568E-01  1.68403250E-04  2.49769433E-05
1.28527856E-01  2.28676400E-04  3.52839262E-05
1.28713143E-01  1.82160319E-04  2.49847594E-05
1.28960193E-01  1.87737658E-04  2.49209919E-05
1.29145481E-01  1.86267010E-04  3.52475833E-05
1.29330769E-01  1.54197553E-04  2.49408942E-05
1.29577819E-01  1.63139092E-04  2.49277256E-05
1.29763107E-01  1.52872734E-04  3.52104702E-05
1.29948394E-01  2.11005159E-04  2.48967430E-05
1.30133682E-01  2.25598646E-04  3.51973498E-05
1.30318969E-01  1.78348793E-04  2.49266291E-05
1.30566020E-01  1.74253510E-04  2.48804961E-05
1.30751307E-01  1.52985399E-04  3.52693691E-05
1.30936595E-01  2.17266331E-04  2.48668546E-05
1.31183645E-01  1.75689396E-04  2.48717733E-05
1.31368933E-01  1.81482429E-04  3.51978775E-05
1.31554220E-01  1.56468281E-04  2.48231401E-05
1.31801271E-01  1.97660104E-04  2.48144964E-05
1.31986558E-01  1.36454923E-04  3.51803805E-05
1.32171846E-01  1.64528576E-04  2.48318099E-05
1.32357133E-01  1.73180181E-04  3.50577844E-05
1.32542421E-01  1.57341277E-04  2.48102443E-05
1.32789471E-01  1.57597689E-04  2.47646244E-05
1.32974759E-01  1.57616517E-04  3.49364065E-05
1.33160047E-01  1.65698549E-04  2.47651120E-05
1.33407097E-01  1.32048263E-04  2.47432828E-05
1.33592384E-01  1.66821174E-04  3.48786340E-05
1.33777672E-01  1.74976986E-04  2.47833333E-05
1.34024722E-01  1.67183834E-04  2.47346359E-05
1.34210010E-01  1.58622940E-04  3.47967361E-05
1.34395297E-01  1.64366798E-04  2.47881067E-05
1.34642348E-01  1.23646577E-04  2.47002927E-05
1.34889398E-01  1.87703913E-04  2.46804757E-05
1.35074685E-01  1.85253136E-04  3.48719073E-05
1.35259973E-01  1.98154414E-04  2.47126742E-05
1.35507023E-01  1.43778039E-04  2.46732453E-05
1.35692311E-01  1.63175228E-04  3.47468460E-05
1.35877598E-01  1.54967801E-04  2.47079673E-05
1.36124649E-01  1.60257299E-04  2.46519612E-05
1.36309936E-01  8.43552548E-05  3.47028911E-05
1.36495224E-01  1.50652708E-04  2.46719161E-05
1.36742274E-01  1.46341624E-04  2.46396770E-05
1.36989324E-01  1.27364767E-04  2.45782471E-05
1.37174612E-01  1.42912747E-04  3.47687147E-05
1.37359900E-01  1.59476572E-04  2.46083342E-05
1.37606950E-01  1.25309438E-04  2.45937731E-05
1.37792237E-01  1.38157008E-04  3.47511992E-05
1.37977525E-01  1.68446664E-04  2.45601691E-05
1.38224575E-01  1.08835860E-04  2.45863479E-05
1.38471625E-01  1.52583834E-04  2.45122762E-05
1.38656913E-01  1.51437572E-04  3.47784003E-05
1.38842201E-01  1.68597290E-04  2.45619894E-05
1.39089251E-01  1.09511065E-04  2.44920774E-05
1.39274538E-01  1.20290142E-04  3.47219311E-05
1.39459826E-01  1.56584763E-04  2.45233986E-05
1.39706876E-01  1.62106947E-04  2.45353968E-05
1.39953926E-01  1.20130762E-04  2.44661589E-05
1.40139214E-01  1.46390294E-04  3.46286571E-05
1.40324502E-01  1.20280763E-04  2.44809831E-05
1.40571552E-01  1.44626933E-04  2.44494513E-05
1.40818602E-01  1.30845693E-04  2.44797612E-05
1.41065652E-01  8.85461632E-05  2.44125186E-05
1.41250940E-01  1.33465604E-04  3.45810975E-05
1.41436228E-01  1.42074128E-04  2.44368838E-05
1.41683278E-01  1.58807696E-04  2.44142111E-05
1.41930328E-01  1.71204765E-04  2.44270350E-05
1.42115616E-01  1.92994757E-04  3.45565933E-05
1.42300903E-01  1.25571725E-04  2.43918377E-05
1.42547953E-01  9.61408562E-05  2.43961767E-05
1.42795003E-01  1.01870174E-04  2.43482273E-05
1.42980291E-01  1.91308769E-04  3.45910722E-05
1.43165579E-01  1.26175829E-04  2.43417184E-05
1.43412629E-01  1.97882742E-04  2.43343035E-05
1.43659679E-01  1.39531562E-04  2.43679624E-05
1.43906729E-01  1.32961768E-04  2.43679501E-05
1.44092017E-01  2.08960747E-04  3.43650224E-05
1.44277305E-01  1.39823563E-04  2.43053683E-05
1.44524355E-01  1.28241274E-04  2.43551717E-05
1.44771405E-01  1.22068211E-04  2.42786160E-05
1.45018455E-01  1.41105902E-04  2.42883973E-05
1.45203743E-01  1.01359661E-04  3.44145202E-05
1.45389030E-01  1.00037105E-04  2.42325575E-05
1.45636081E-01  8.17124397E-05  2.42738804E-05
1.45883131E-01  1.22277889E-04  2.41973070E-05
1.46130181E-01  1.20279846E-04  2.42756690E-05
1.46377231E-01  1.27489378E-04  2.42380330E-05
1.46562519E-01  1.35086244E-04  3.41934023E-05
1.46747806E-01  1.35267495E-04  2.42415410E-05
1.46994857E-01  1.17725443E-04  2.41641711E-05
1.47241907E-01  1.40883912E-04  2.42412212E-05
1.47488957E-01  1.34817263E-04  2.40610050E-05
1.47736007E-01  1.24637532E-04  2.42082027E-05
1.47921295E-01  1.50692746E-04  3.41637826E-05
1.48106582E-01  8.14650658E-05  2.40894837E-05
1.48353633E-01  1.90072792E-04  2.41662011E-05
1.48600683E-01  1.17181064E-04  2.40827366E-05
1.48847733E-01  1.23881155E-04  2.41201104E-05
1.49094783E-01  1.69526559E-04  2.41263278E-05
1.49341833E-01  1.31734872E-04  2.41350714E-05
1.49527121E-01  1.05894200E-04  3.39514371E-05
1.49712409E-01  1.09805594E-04  2.40480946E-05
1.49959459E-01  1.36872662E-04  2.41272343E-05
1.50206509E-01  1.54916970E-04  2.40386394E-05
1.50453559E-01  1.23945825E-04  2.40724405E-05
1.50700609E-01  1.46597694E-04  2.40196756E-05
1.50947659E-01  1.05901002E-04  2.40913675E-05
1.51194710E-01  1.44561475E-04  2.40143252E-05
1.51441760E-01  1.09058161E-04  2.40208605E-05
1.51627047E-01  1.46675411E-04  3.39371957E-05
1.51812335E-01  7.76491801E-05  2.39989602E-05
1.52059385E-01  1.38395427E-04  2.40140765E-05
1.52306435E-01  1.15083163E-04  2.39659005E-05
1.52553486E-01  1.17554820E-04  2.40053177E-05
1.52800536E-01  1.32703385E-04  2.39256933E-05
1.53047586E-01  9.24003491E-05  2.39978047E-05
1.53294636E-01  1.62212370E-04  2.39856897E-05
1.53541686E-01  1.18319229E-04  2.39005079E-05
1.53788736E-01  1.09639216E-04  2.39047697E-05
1.54035787E-01  9.53537968E-05  2.39020564E-05
1.54221074E-01  7.79444415E-05  3.38743496E-05
1.54406362E-01  1.24673114E-04  2.38889269E-05
1.54653412E-01  1.07015773E-04  2.39002678E-05
1.54900462E-01  1.08592881E-04  2.38629534E-05
1.55147512E-01  8.52466353E-05  2.38561477E-05
1.55394563E-01  9.81670362E-05  2.38749888E-05
1.55641613E-01  1.32975415E-04  2.38633306E-05
1.55888663E-01  8.96246855E-05  2.38242481E-05
1.56135713E-01  8.64643814E-05  2.37876396E-05
1.56382763E-01  1.36038365E-04  2.38178364E-05
1.56629814E-01  1.22947770E-04  2.38108105E-05
1.56876864E-01  9.23433964E-05  2.38353734E-05
1.57123914E-01  1.47742517E-04  2.37741220E-05
1.57370964E-01  9.47935708E-05  2.37823282E-05
1.57618014E-01  1.11209071E-04  2.37531735E-05
1.57865064E-01  1.09117943E-04  2.37524025E-05
1.58112115E-01  1.04508526E-04  2.37734761E-05
1.58359165E-01  1.21940387E-04  2.37144629E-05
1.58606215E-01  1.19731589E-04  2.37169226E-05
1.58853265E-01  1.14235362E-04  2.37057079E-05
1.59100315E-01  8.57410242E-05  2.36951496E-05
1.59347365E-01  1.15090100E-04  2.37318744E-05
1.59594416E-01  1.34216721E-04  2.36877886E-05
1.59841466E-01  1.20113191E-04  2.36654885E-05
1.60088516E-01  1.46259569E-04  2.36966051E-05
1.60335566E-01  1.04463610E-04  2.36173507E-05
1.60582616E-01  9.06227122E-05  2.36735117E-05
1.60829667E-01  8.95114496E-05  2.36591527E-05
1.61076717E-01  9.64284744E-05  2.35942924E-05
1.61323767E-01  8.39342981E-05  2.36421694E-05
1.61570817E-01  7.67961572E-05  2.35860105E-05
1.61817867E-01  1.02800836E-04  2.35878696E-05
1.62064917E-01  1.04368262E-04  2.35940016E-05
1.62311968E-01  7.05984552E-05  2.36108572E-05
1.62559018E-01  9.46052799E-05  2.35845496E-05
1.62806068E-01  1.06081097E-04  2.35445201E-05
1.63053118E-01  8.94186378E-05  2.35524395E-05
1.63300168E-01  1.28646012E-04  2.35760132E-05
1.63547219E-01  1.10560375E-04  2.35028832E-05
1.63794269E-01  1.04483307E-04  2.35557351E-05
1.64041319E-01  9.57145203E-05  2.35305808E-05
1.64288369E-01  1.22176244E-04  2.34977207E-05
1.64535419E-01  1.06619612E-04  2.39156602E-05
1.64782469E-01  9.07215128E-05  2.41423967E-05
1.65029520E-01  1.02719326E-04  2.43432597E-05
1.65276570E-01  1.24303138E-04  2.44906839E-05
1.65523620E-01  1.20319677E-04  2.46105495E-05
1.65770670E-01  7.39301180E-05  2.46651319E-05
1.66079483E-01  8.06681313E-05  2.03121215E-05
1.66388296E-01  8.32179605E-05  2.49276779E-05
1.66635346E-01  8.10507221E-05  2.50528175E-05
1.66882396E-01  7.36947651E-05  2.51582648E-05
1.67129446E-01  1.24206523E-04  2.52694763E-05
1.67376496E-01  5.43006969E-05  2.52482228E-05
1.67623546E-01  9.24371872E-05  2.54080998E-05
1.67870597E-01  7.92040705E-05  2.54317924E-05
1.68117647E-01  5.98804166E-05  2.55697849E-05
1.68364697E-01  9.03176597E-05  2.55477770E-05
1.68611747E-01  1.08373957E-04  2.57489981E-05
1.68920560E-01  1.16545486E-04  2.09927798E-05
1.69229373E-01  1.01414122E-04  2.57513482E-05
1.69476423E-01  1.20178539E-04  2.52002889E-05
1.69723473E-01  1.05740279E-04  2.50824189E-05
1.69970523E-01  9.00747847E-05  2.48940654E-05
1.70217573E-01  8.81855320E-05  2.48147240E-05
1.70464624E-01  7.98993337E-05  2.46939611E-05
1.70711674E-01  8.58004861E-05  2.46570874E-05
1.71020486E-01  9.16391668E-05  2.00329604E-05
1.71329299E-01  1.04508544E-04  2.45630966E-05
1.71576349E-01  1.30914253E-04  2.43776294E-05
1.71823400E-01  1.05431350E-04  2.43994860E-05
1.72070450E-01  6.19952694E-05  2.42725548E-05
1.72317500E-01  9.52333727E-05  2.42756459E-05
1.72564550E-01  6.97463303E-05  2.42013264E-05
1.72873363E-01  1.00984575E-04  1.97404614E-05
1.73182176E-01  8.29788365E-05  2.41196431E-05
1.73429226E-01  9.47115841E-05  2.41312939E-05
1.73676276E-01  1.01439347E-04  2.40031991E-05
1.73923326E-01  7.12467963E-05  2.40714655E-05
1.74170376E-01  1.19027121E-04  2.39954136E-05
1.74479189E-01  8.45858808E-05  1.95891186E-05
1.74788002E-01  5.56707950E-05  2.39065286E-05
1.75035052E-01  7.51092257E-05  2.39439556E-05
1.75282102E-01  7.42241025E-05  2.38763485E-05
1.75529152E-01  8.97934216E-05  2.39360777E-05
1.75837965E-01  6.75632745E-05  1.94344942E-05
1.76146778E-01  6.78826368E-05  2.38939387E-05
1.76393828E-01  6.15683373E-05  2.37426681E-05
1.76640878E-01  7.31500814E-05  2.37891034E-05
1.76887928E-01  4.98792374E-05  2.37734670E-05
1.77196741E-01  9.77204436E-05  1.94284194E-05
1.77505554E-01  5.95382950E-05  2.37214812E-05
1.77752604E-01  7.07387166E-05  2.37706669E-05
1.77999654E-01  8.23455411E-05  2.36857882E-05
1.78246704E-01  8.46235550E-05  2.37538876E-05
1.78555517E-01  9.16283045E-05  1.92982360E-05
1.78864330E-01  8.42107029E-05  2.38962819E-05
1.79111380E-01  8.76401679E-05  2.42282631E-05
1.79358430E-01  1.82772197E-06  2.44655249E-05
1.79667243E-01  6.15898976E-05  2.01026909E-05
1.79976055E-01  1.13142491E-04  2.47829317E-05
1.80223106E-01  7.20636571E-05  2.49339919E-05
1.80470156E-01  8.97066163E-05  2.48090258E-05
1.80778969E-01  9.58075874E-05  1.99763328E-05
1.81087781E-01  1.04359891E-04  2.42462513E-05
1.81334831E-01  6.44942578E-05  2.41244913E-05
1.81581882E-01  9.08720104E-05  2.40420022E-05
1.81890694E-01  7.56603398E-05  1.95018524E-05
1.82199507E-01  9.73555781E-05  2.37651931E-05
1.82446557E-01  7.17254851E-05  2.37483777E-05
1.82755370E-01  4.58202314E-05  1.92442058E-05
1.83064183E-01  6.94406688E-05  2.36098899E-05
1.83311233E-01  5.08881670E-05  2.35093477E-05
1.83558283E-01  5.59244715E-05  2.35071682E-05
1.83867096E-01  9.52737760E-05  1.91638413E-05
1.84175908E-01  7.45965947E-05  2.34758159E-05
1.84422959E-01  5.96769320E-05  2.34314172E-05
1.84731771E-01  7.77972694E-05  1.91598004E-05
1.85040584E-01  6.66786703E-05  2.33902139E-05
1.85287634E-01  5.81120059E-05  2.33586625E-05
1.85596447E-01  6.45178876E-05  1.90480074E-05
1.85905260E-01  8.63250283E-05  2.32624066E-05
1.86152310E-01  6.87752514E-05  2.32586588E-05
1.86461123E-01  5.13879337E-05  1.89788026E-05
1.86769935E-01  4.34424344E-05  2.32067773E-05
1.87016986E-01  8.60246479E-05  2.32025472E-05
1.87325798E-01  8.97298698E-05  1.89212401E-05
1.87634611E-01  6.89403440E-05  2.31783401E-05
1.87881661E-01  5.23503102E-05  2.31849121E-05
1.88190474E-01  8.50267086E-05  1.88632935E-05
1.88499287E-01  7.51005297E-05  2.31342943E-05
1.88746337E-01  5.56691631E-05  2.31101207E-05
1.89055150E-01  6.09707610E-05  1.88218741E-05
1.89363962E-01  5.36983649E-05  2.30746270E-05
1.89611012E-01  1.46495905E-05  2.30031050E-05
1.89919825E-01  4.59356457E-05  1.88124289E-05
1.90228638E-01  6.39445813E-05  2.30008001E-05
1.90537451E-01  6.25951255E-05  1.87678490E-05
1.90846263E-01  7.13641634E-05  2.29989757E-05
1.91093314E-01  6.64937583E-05  2.29572137E-05
1.91402126E-01  6.80618877E-05  1.87472625E-05
1.91710939E-01  6.58985183E-05  2.29483150E-05
1.91957989E-01  9.98445207E-05  2.28939254E-05
1.92266802E-01  7.76812293E-05  1.87181994E-05
1.92575615E-01  5.85666155E-05  2.28681928E-05
1.92884427E-01  3.04940860E-05  1.86936880E-05
1.93193240E-01  6.61056032E-05  2.28489788E-05
1.93502053E-01  6.72383349E-05  1.86435015E-05
1.93810865E-01  6.64556197E-05  2.28423724E-05
1.94057916E-01  3.81644222E-05  2.27906680E-05
1.94366728E-01  3.96500501E-05  1.86207535E-05
1.94675541E-01  3.99897173E-05  2.27851529E-05
1.94984354E-01  6.35165397E-05  1.86002309E-05
1.95293167E-01  7.03675246E-05  2.27674614E-05
1.95601979E-01  7.28192039E-05  1.85775272E-05
1.95910792E-01  6.92145608E-05  2.27474196E-05
1.96157842E-01  5.54803388E-05  2.27075500E-05
1.96466655E-01  6.74609964E-05  1.85515663E-05
1.96775468E-01  7.58435278E-05  2.26592859E-05
1.97084280E-01  8.32071145E-05  1.85308094E-05
1.97393093E-01  8.31921235E-05  2.26578456E-05
1.97701906E-01  8.65884669E-05  1.85059342E-05
1.98010719E-01  3.40398762E-05  2.26640167E-05
1.98319531E-01  7.30563535E-05  1.84674164E-05
1.98628344E-01  3.00932508E-05  2.26255050E-05
1.98937157E-01  4.75811290E-05  1.84546350E-05
1.99245969E-01  1.05718136E-04  2.25758304E-05
1.99554782E-01  5.18376635E-05  1.84307765E-05
1.99863595E-01  7.13343114E-05  2.25621360E-05
2.00172408E-01  6.61504243E-05  1.83982714E-05
2.00481220E-01  9.18514199E-05  2.25264792E-05
2.00790033E-01  2.86975223E-05  1.83687924E-05
2.01098846E-01  5.82479504E-05  2.24832916E-05
2.01407658E-01  5.73447245E-05  1.83405851E-05
2.01716471E-01  5.98221848E-05  2.24840608E-05
2.02025284E-01  7.27154315E-05  1.83128071E-05
2.02334097E-01  8.56882249E-05  2.24816516E-05
2.02642909E-01  7.69983240E-05  1.82940570E-05
2.02951722E-01  4.94897485E-05  2.24547621E-05
2.03260535E-01  4.72692779E-05  1.82788398E-05
2.03569348E-01  5.77387562E-05  2.23303990E-05
2.03878160E-01  5.68053203E-05  1.82660479E-05
2.04186973E-01  6.64099702E-05  2.22731197E-05
2.04495786E-01  4.19200710E-05  1.81868054E-05
2.04866361E-01  9.29789448E-05  1.81916411E-05
2.05175174E-01  4.25869778E-05  2.22373502E-05
2.05483986E-01  5.34329775E-05  1.81742569E-05
2.05792799E-01  6.42754116E-05  2.21941531E-05
2.06101612E-01  5.56917249E-05  1.81923279E-05
2.06410425E-01  6.93130030E-05  2.22274562E-05
2.06719237E-01  5.06876399E-05  1.81477919E-05
2.07089813E-01  2.81741496E-05  1.81408455E-05
2.07398625E-01  1.91949203E-05  2.21500500E-05
2.07707438E-01  4.43785674E-05  1.80899484E-05
2.08016251E-01  4.72621938E-05  2.21558599E-05
2.08325063E-01  5.21762119E-05  1.80488111E-05
2.08695639E-01  6.16752245E-05  1.80522233E-05
2.09004451E-01  7.47975042E-05  2.20887930E-05
2.09313264E-01  6.17520400E-05  1.80602108E-05
2.09622077E-01  2.92951355E-05  2.20529782E-05
2.09930890E-01  3.71409762E-05  1.80039380E-05
2.10301465E-01  7.03806136E-05  1.80329677E-05
2.10610278E-01  3.63766243E-05  2.20065694E-05
2.10919090E-01  5.17222657E-05  1.80163928E-05
2.11289666E-01  4.43444480E-05  1.79595658E-05
2.11598478E-01  6.43047232E-05  2.20054253E-05
2.11907291E-01  7.45255721E-05  1.79544552E-05
2.12277866E-01  3.56450076E-05  1.79214805E-05
2.12586679E-01  3.12958894E-05  2.19482543E-05
2.12895492E-01  4.29931542E-05  1.79184732E-05
2.13266067E-01  3.27875128E-05  1.79299445E-05
2.13574880E-01  8.04162095E-05  2.18953887E-05
2.13883693E-01  2.47432441E-05  1.78946972E-05
2.14254268E-01  6.27795959E-05  1.79089208E-05
2.14563081E-01  6.00239992E-05  2.18721370E-05
2.14871893E-01  5.76766356E-05  1.78671831E-05
2.15242469E-01  5.31186504E-05  1.78553852E-05
2.15551281E-01  4.06497751E-05  2.18685712E-05
2.15860094E-01  4.85546139E-05  1.78396154E-05
2.16230669E-01  3.83942232E-05  1.78292333E-05
2.16539482E-01  2.63101011E-05  2.18315172E-05
2.16848295E-01  6.65317605E-05  1.78171419E-05
2.17218870E-01  2.59729946E-05  1.78106815E-05
2.17589445E-01  3.43638941E-05  1.77745845E-05
2.17898258E-01  3.54126381E-05  2.18087731E-05
2.18207071E-01  6.56678191E-05  1.77754478E-05
2.18577646E-01  3.93747118E-05  1.77508162E-05
2.18886459E-01  7.51499986E-06  2.17467749E-05
2.19195271E-01  3.13864723E-05  1.77428950E-05
2.19565847E-01  4.73079920E-05  1.77551343E-05
2.19936422E-01  7.62046864E-05  1.77543879E-05
2.20245235E-01  6.69850540E-05  2.16516087E-05
2.20554047E-01  3.76599165E-05  1.77425063E-05
2.20924623E-01  3.54075820E-05  1.76680432E-05
2.21295198E-01  5.91807449E-05  1.76860030E-05
2.21604011E-01  1.05833548E-04  2.16767028E-05
2.21912823E-01  4.17960188E-05  1.76614996E-05
2.22283399E-01  5.54726125E-05  1.76648246E-05
2.22653974E-01  4.16082340E-05  1.76666860E-05
2.23024549E-01  6.61428224E-05  1.76479640E-05
2.23333362E-01  5.37830505E-05  2.15973478E-05
2.23642175E-01  2.82661624E-05  1.76240871E-05
2.24012750E-01  5.21195757E-05  1.76042594E-05
2.24383325E-01  7.08114076E-05  1.76215624E-05
2.24753900E-01  -1.09005220E-05  1.76019503E-05
2.25062713E-01  5.80296886E-05  2.15177910E-05
2.25371526E-01  3.22613864E-05  1.75990253E-05
2.25742101E-01  5.12213554E-05  1.75500700E-05
2.26112676E-01  2.45285811E-05  1.75668067E-05
2.26483252E-01  6.58508874E-05  1.75443669E-05
2.26792064E-01  6.73302219E-05  2.14672026E-05
2.27100877E-01  4.25581569E-05  1.75428993E-05
2.27471452E-01  5.22890400E-05  1.75298205E-05
2.27842028E-01  4.21811430E-05  1.75072935E-05
2.28212603E-01  3.18435265E-05  1.74792651E-05
2.28583178E-01  5.45273855E-05  1.75068419E-05
2.28953753E-01  2.05041067E-05  1.74765241E-05
2.29262566E-01  3.73718721E-05  2.14165551E-05
2.29571379E-01  4.83771209E-05  1.74636296E-05
2.29941954E-01  6.99329227E-05  1.74511271E-05
2.30312529E-01  7.08399037E-05  1.74348055E-05
2.30683105E-01  4.11328718E-05  1.74387090E-05
2.31053680E-01  3.32644085E-05  1.74315779E-05
2.31424255E-01  4.22416801E-05  1.74165548E-05
2.31794831E-01  4.80924562E-05  1.73975071E-05
2.32103643E-01  1.83548521E-05  2.13215243E-05
2.32412456E-01  4.07001964E-05  1.74676583E-05
2.32783031E-01  3.06115236E-05  1.77815016E-05
2.33153606E-01  3.74221631E-05  1.80011055E-05
2.33524182E-01  7.85040271E-05  1.81546024E-05
2.33894757E-01  3.42675496E-06  1.82740784E-05
2.34265332E-01  3.66752150E-05  1.83875705E-05
2.34635908E-01  4.58217410E-05  1.84977509E-05
2.35006483E-01  4.48886440E-05  1.85986263E-05
2.35377058E-01  6.13035439E-05  1.86954991E-05
2.35747633E-01  3.52298784E-05  1.87579794E-05
2.36118209E-01  4.63011053E-05  1.88531983E-05
2.36488784E-01  4.49279982E-05  1.89284994E-05
2.36859359E-01  6.44723348E-05  1.90054324E-05
2.37229934E-01  3.09144392E-05  1.90242745E-05
2.37600510E-01  4.99161534E-05  1.86666310E-05
2.37909322E-01  4.57821570E-05  2.26498550E-05
2.38218135E-01  3.39430443E-05  1.83744056E-05
2.38588710E-01  4.46895527E-05  1.82505477E-05
2.38959286E-01  2.91269985E-05  1.81855323E-05
2.39329861E-01  2.71417482E-05  1.81166021E-05
2.39700436E-01  2.62487579E-05  1.80586828E-05
2.40071011E-01  4.73007633E-05  1.80199447E-05
2.40441587E-01  3.04031331E-05  1.79680766E-05
2.40812162E-01  1.75781113E-05  1.79153297E-05
2.41182737E-01  2.31737117E-05  1.79013748E-05
2.41553313E-01  5.26339954E-05  1.78730590E-05
2.41923888E-01  5.47566080E-05  1.78390793E-05
2.42294463E-01  5.23603043E-05  1.77829954E-05
2.42726801E-01  3.82034116E-05  1.54102973E-05
2.43159139E-01  2.85169491E-05  1.77348950E-05
2.43529714E-01  3.45411195E-05  1.77148924E-05
2.43900289E-01  6.86651194E-05  1.76721038E-05
2.44270865E-01  2.19487275E-05  1.76324134E-05
2.44641440E-01  2.19427379E-05  1.76246996E-05
2.45012015E-01  4.61674596E-05  1.75756531E-05
2.45382590E-01  2.64580563E-05  1.75541846E-05
2.45753166E-01  5.32144284E-05  1.75260479E-05
2.46123741E-01  2.34585948E-05  1.74780755E-05
2.46494316E-01  1.87565847E-05  1.74352689E-05
2.46864891E-01  1.86354816E-05  1.74252186E-05
2.47235467E-01  6.31136123E-05  1.74134183E-05
2.47606042E-01  5.35691700E-05  1.73748947E-05
2.47976617E-01  6.24636333E-05  1.73304375E-05
2.48408955E-01  3.23944069E-05  1.49830166E-05
2.48841293E-01  1.73212922E-05  1.72619233E-05
2.49211868E-01  4.95447699E-05  1.72117773E-05
2.49582443E-01  5.00740031E-05  1.72157423E-05
2.49953019E-01  3.13471604E-05  1.71767886E-05
2.50323594E-01  3.91140691E-05  1.71692613E-05
2.50694169E-01  6.09322600E-05  1.71504287E-05
2.51064744E-01  4.22326995E-05  1.71697420E-05
2.51497082E-01  3.59427056E-05  1.48351934E-05
2.51929420E-01  8.77536798E-05  1.71181872E-05
2.52299995E-01  2.85517187E-05  1.71258255E-05
2.52670571E-01  1.94507268E-05  1.71157111E-05
2.53041146E-01  3.90402678E-05  1.70854532E-05
2.53411721E-01  3.63225071E-05  1.70877368E-05
2.53782296E-01  2.08331620E-05  1.70602295E-05
2.54214634E-01  4.91136685E-05  1.47791750E-05
2.54646972E-01  4.83861906E-05  1.70287166E-05
2.55017547E-01  4.10812791E-05  1.70522238E-05
2.55388123E-01  5.21300023E-05  1.70256150E-05
2.55758698E-01  7.14580947E-05  1.70242498E-05
2.56191036E-01  4.90582121E-05  1.47054079E-05
2.56623373E-01  3.66475172E-05  1.70141844E-05
2.56993949E-01  3.89092045E-05  1.69723776E-05
2.57364524E-01  3.96328618E-05  1.69603814E-05
2.57735099E-01  8.67540914E-06  1.69610243E-05
2.58167437E-01  2.17470320E-05  1.46721875E-05
2.58599775E-01  3.38509172E-05  1.69484570E-05
2.58970350E-01  1.12764011E-05  1.69221562E-05
2.59340925E-01  3.74349924E-05  1.69228374E-05
2.59773263E-01  3.03861528E-05  1.46326037E-05
2.60205601E-01  1.61499210E-05  1.69036665E-05
2.60576176E-01  4.28291061E-05  1.68808801E-05
2.60946752E-01  3.98432952E-05  1.68732926E-05
2.61379089E-01  4.99697894E-05  1.46173354E-05
2.61811427E-01  5.38073257E-06  1.68265708E-05
2.62182003E-01  6.16706921E-05  1.68555348E-05
2.62552578E-01  2.38409061E-05  1.68270336E-05
2.62984916E-01  5.07548210E-05  1.45743946E-05
2.63417253E-01  5.03559777E-05  1.68037393E-05
2.63787829E-01  3.52206497E-05  1.68094199E-05
2.64220167E-01  3.59438652E-05  1.45404617E-05
2.64652504E-01  1.87815512E-05  1.67854599E-05
2.65023080E-01  8.07075740E-06  1.67627965E-05
2.65455417E-01  2.96966498E-05  1.45185493E-05
2.65887755E-01  4.54520719E-05  1.67376950E-05
2.66258330E-01  2.90928744E-05  1.67479804E-05
2.66690668E-01  2.80509025E-05  1.44847059E-05
2.67123006E-01  7.02978247E-05  1.67262464E-05
2.67493581E-01  7.51921797E-06  1.67053792E-05
2.67925919E-01  3.67872537E-05  1.44647492E-05
2.68358257E-01  2.07322796E-05  1.67029563E-05
2.68728832E-01  4.27734613E-05  1.66587628E-05
2.69161170E-01  2.85508500E-05  1.44245116E-05
2.69593508E-01  4.46107476E-05  1.66414237E-05
2.69964083E-01  2.77099672E-05  1.66474065E-05
2.70396421E-01  4.59800473E-05  1.44112727E-05
2.70828759E-01  3.18090801E-05  1.66090769E-05
2.71261097E-01  3.83579083E-05  1.43934336E-05
2.71693434E-01  3.06236163E-05  1.66053989E-05
2.72064010E-01  3.52704757E-05  1.65855585E-05
2.72496348E-01  3.10441749E-05  1.43704204E-05
2.72928685E-01  3.51827055E-05  1.65702346E-05
2.73361023E-01  5.75605562E-05  1.43459712E-05
2.73793361E-01  4.68524178E-05  1.65522358E-05
2.74163936E-01  6.41298730E-06  1.65517705E-05
2.74596274E-01  3.36732155E-05  1.43210886E-05
2.75028612E-01  4.21380815E-05  1.65203590E-05
2.75460950E-01  4.91316642E-05  1.43091149E-05
2.75893287E-01  3.70519774E-05  1.64762781E-05
2.76325625E-01  2.41827833E-05  1.42730088E-05
2.76757963E-01  3.74948832E-05  1.64803403E-05
2.77190301E-01  2.54793466E-05  1.42587086E-05
2.77622639E-01  2.63576379E-05  1.64547039E-05
2.77993214E-01  1.85712523E-05  1.64629056E-05
2.78425552E-01  4.98633422E-05  1.42451377E-05
2.78857890E-01  4.82171849E-05  1.64416676E-05
2.79290227E-01  2.49183645E-07  1.42112437E-05
2.79722565E-01  3.99371642E-05  1.64216692E-05
2.80154903E-01  3.50875941E-05  1.41992099E-05
2.80587241E-01  1.26596830E-05  1.64166976E-05
2.81019579E-01  2.75554898E-06  1.41868076E-05
2.81451916E-01  3.87792974E-05  1.63598439E-05
2.81884254E-01  3.14268491E-05  1.41774435E-05
2.82316592E-01  2.71254802E-05  1.63649773E-05
2.82748930E-01  4.30711131E-05  1.41721943E-05
2.83243030E-01  1.00926804E-05  1.41450139E-05
2.83675368E-01  4.42099974E-05  1.63347746E-05
2.84107706E-01  4.70753512E-05  1.41308140E-05
2.84540044E-01  3.21696038E-05  1.63210978E-05
2.84972382E-01  1.81928227E-05  1.41051722E-05
2.85404719E-01  3.31675567E-05  1.63147839E-05
2.85837057E-01  3.63031737E-05  1.41077257E-05
2.86269395E-01  2.46727242E-05  1.62716495E-05
2.86701733E-01  2.63375176E-05  1.40753486E-05
2.87195833E-01  3.59583804E-05  1.40918806E-05
2.87628171E-01  8.84306703E-06  1.62459513E-05
2.88060509E-01  2.75532949E-05  1.40593934E-05
2.88492847E-01  3.80775710E-05  1.62306002E-05
2.88925184E-01  3.37921047E-05  1.40375881E-05
2.89419285E-01  5.88188977E-06  1.40397582E-05
2.89851623E-01  2.66925425E-05  1.61934740E-05
2.90283960E-01  1.48673601E-05  1.40186453E-05
2.90716298E-01  5.14118894E-05  1.61853111E-05
2.91148636E-01  3.85644672E-05  1.40167509E-05
2.91642736E-01  2.12325560E-05  1.39911854E-05
2.92075074E-01  2.85133663E-05  1.61498575E-05
2.92507412E-01  1.99931391E-05  1.39795776E-05
2.93001512E-01  3.16359209E-05  1.39720216E-05
2.93433850E-01  3.19412806E-06  1.61244330E-05
2.93866188E-01  1.56908960E-05  1.39458957E-05
2.94360288E-01  5.49075280E-05  1.39261798E-05
2.94792626E-01  1.97557179E-05  1.60739422E-05
2.95224964E-01  1.35377143E-05  1.39049112E-05
2.95719064E-01  3.93263506E-05  1.39013016E-05
2.96151402E-01  5.19413717E-05  1.60394976E-05
2.96583740E-01  3.54248142E-05  1.38967134E-05
2.97077840E-01  3.17659791E-05  1.38789822E-05
2.97571941E-01  4.73991203E-05  1.38756889E-05
2.98004278E-01  2.71868296E-05  1.60187296E-05
2.98436616E-01  3.37814590E-05  1.38814790E-05
2.98930717E-01  1.67184580E-05  1.38737349E-05
2.99424817E-01  8.82328625E-06  1.38532562E-05
2.99857155E-01  1.33409289E-05  1.60082666E-05
3.00289493E-01  2.39871841E-05  1.38382176E-05
3.00783593E-01  2.77505328E-05  1.39864657E-05
3.01277693E-01  5.64157846E-06  1.42626193E-05
3.01710031E-01  3.06368629E-05  1.66443991E-05
3.02142369E-01  1.66244844E-05  1.45183083E-05
3.02636469E-01  3.95755420E-05  1.46711335E-05
3.03130570E-01  1.17508682E-05  1.47620899E-05
3.03562908E-01  1.21187052E-05  1.71610129E-05
3.03995245E-01  9.98142173E-06  1.49361672E-05
3.04489346E-01  3.90332869E-05  1.50339856E-05
3.04983446E-01  2.53917653E-05  1.51172988E-05
3.05477546E-01  1.98577429E-05  1.51829879E-05
3.05909884E-01  2.52963119E-05  1.76308631E-05
3.06342222E-01  2.33227630E-05  1.53160494E-05
3.06836322E-01  4.10371961E-05  1.54116989E-05
3.07330423E-01  1.73456990E-05  1.55241448E-05
3.07824523E-01  1.49548972E-05  1.60149372E-05
3.08318623E-01  3.24850245E-05  1.64047619E-05
3.08812724E-01  4.00706711E-05  1.67255574E-05
3.09245062E-01  7.97750217E-06  1.95593366E-05
3.09677399E-01  3.80570110E-05  1.70734829E-05
3.10171500E-01  3.10617440E-05  1.72732136E-05
3.10665600E-01  4.29012210E-05  1.74981948E-05
3.11159701E-01  4.31921764E-05  1.76625244E-05
3.11653801E-01  3.18673244E-05  1.78743385E-05
3.12147901E-01  1.24987774E-05  1.80653813E-05
3.12642002E-01  2.37328613E-05  1.82280889E-05
3.13136102E-01  8.76993386E-06  1.84276728E-05
3.13568440E-01  1.08600515E-05  2.14479424E-05
3.14000778E-01  3.81032791E-05  1.87697678E-05
3.14494878E-01  1.14542053E-05  1.89225220E-05
3.14988978E-01  3.28811206E-05  1.91268744E-05
3.15483079E-01  1.02760936E-05  1.93170698E-05
3.15977179E-01  -1.23074250E-05  1.94737928E-05
3.16471279E-01  2.85425068E-05  1.96814123E-05
3.16965380E-01  2.49630169E-05  1.98790173E-05
3.17459480E-01  4.99173348E-06  2.00328833E-05
3.17953580E-01  2.45771636E-05  2.01885340E-05
3.18447681E-01  -1.08170348E-06  2.03049165E-05
3.18941781E-01  2.06614427E-05  2.03610109E-05
3.19435882E-01  1.24482433E-05  2.04823896E-05
3.19929982E-01  2.35851330E-05  2.05879671E-05
3.20424082E-01  3.67866608E-05  2.06735155E-05
3.20918183E-01  -5.90944075E-06  2.07861460E-05
3.21412283E-01  1.50070986E-05  2.08789140E-05
3.21906383E-01  -6.99638242E-07  2.09479518E-05
3.22400484E-01  5.62726572E-06  2.10450719E-05
3.22894584E-01  -2.68395712E-05  2.10606210E-05
3.23388684E-01  8.09679792E-07  2.10879961E-05
3.23882785E-01  4.15454038E-05  2.11452923E-05
3.24376885E-01  3.95564282E-05  2.12084709E-05
3.24870985E-01  2.15015292E-05  2.12875504E-05
3.25365086E-01  3.15752874E-05  2.14237494E-05
3.25859186E-01  1.37631425E-05  2.14752502E-05
3.26353287E-01  4.67731006E-05  2.15691161E-05
3.26847387E-01  1.22715953E-05  2.16919895E-05
3.27403250E-01  3.18344212E-05  1.94817097E-05
3.27959113E-01  2.91182411E-05  2.18425340E-05
3.28453213E-01  5.53371041E-06  2.19713544E-05
3.28947313E-01  -2.68424857E-06  2.20840762E-05
3.29441414E-01  -1.48282425E-05  2.21281271E-05
3.29935514E-01  3.38464745E-05  2.22664607E-05
3.30429614E-01  3.34122078E-05  2.23376522E-05
3.30923715E-01  2.59639224E-05  2.24534371E-05
3.31417815E-01  3.28912856E-06  2.25050544E-05
3.31973678E-01  2.50580274E-05  2.02225877E-05
3.32529541E-01  -9.44292369E-06  2.27149879E-05
3.33023641E-01  -6.47753811E-06  2.28257464E-05
3.33517742E-01  2.86626152E-05  2.29028823E-05
3.34011842E-01  2.35049555E-05  2.29590641E-05
3.34505942E-01  3.07224070E-05  2.31265545E-05
3.35061805E-01  -2.62891904E-06  2.07624368E-05
3.35617668E-01  2.92744499E-05  2.32848591E-05
3.36111769E-01  3.49488076E-05  2.34206910E-05
3.36605869E-01  1.55930075E-05  2.34761303E-05
3.37099969E-01  3.78996735E-05  2.36192518E-05
3.37655832E-01  4.20093346E-05  2.11949415E-05
3.38211695E-01  2.69981375E-05  2.38451255E-05
3.38705795E-01  3.08582979E-05  2.38579220E-05
3.39199896E-01  2.76266909E-05  2.40825254E-05
3.39755759E-01  1.85318349E-05  2.15609929E-05
3.40311622E-01  2.13730538E-05  2.42120049E-05
3.40805722E-01  1.78584667E-05  2.43321486E-05
3.41299822E-01  2.93984709E-05  2.44737037E-05
3.41855685E-01  1.35395163E-05  2.19367532E-05
3.42411548E-01  -5.92029862E-05  2.45826533E-05
3.42905649E-01  4.65240815E-05  2.47779797E-05
3.43399749E-01  2.36773763E-05  2.48991824E-05
3.43955612E-01  2.50461235E-05  2.23199627E-05
3.44511475E-01  3.79996361E-05  2.50750809E-05
3.45005575E-01  8.60062479E-06  2.51733417E-05
3.45561438E-01  4.26677537E-06  2.26446169E-05
3.46117301E-01  1.01672456E-04  2.54443239E-05
3.46611401E-01  1.79434490E-05  2.55254841E-05
3.47167264E-01  3.93240263E-05  2.29314946E-05
3.47723127E-01  2.75514551E-05  2.57679533E-05
3.48217227E-01  6.92653213E-05  2.58955070E-05
3.48773090E-01  9.03407212E-06  2.32218615E-05
3.49328953E-01  -4.23095736E-06  2.60526817E-05
3.49823054E-01  2.20524243E-05  2.59891876E-05
3.50378916E-01  5.85354147E-05  2.32457241E-05
3.50934779E-01  5.93350719E-05  2.59925408E-05
3.51490642E-01  5.56548855E-07  2.32941637E-05
3.52046505E-01  4.11524923E-07  2.62068668E-05
3.52540606E-01  -1.19173067E-05  2.62279331E-05
3.53096468E-01  5.58911730E-06  2.36253534E-05
3.53652331E-01  5.60627466E-06  2.65385812E-05
3.54208194E-01  5.21604250E-05  2.38442569E-05
3.54764057E-01  5.41683926E-05  2.68377377E-05
3.55319920E-01  1.10009006E-05  2.40851577E-05
3.55875783E-01  1.81515950E-05  2.69954143E-05
3.56369883E-01  1.82597810E-06  2.71479968E-05
3.56925746E-01  -9.83574593E-06  2.43953792E-05
3.57481609E-01  -6.47606310E-06  2.74823021E-05
3.58037472E-01  -3.95874544E-05  2.46402575E-05
3.58593335E-01  3.72428770E-06  2.76409133E-05
3.59149198E-01  -1.98497056E-05  2.48988103E-05
3.59705061E-01  2.08301034E-05  2.79422605E-05
3.60260924E-01  1.64227649E-05  2.51346037E-05
3.60816787E-01  1.88426485E-06  2.82749585E-05
3.61372649E-01  2.60262528E-06  2.53985629E-05
3.61928512E-01  3.85558907E-05  2.85609664E-05
3.62484375E-01  3.28752124E-05  2.56562072E-05
3.63040238E-01  1.40757368E-05  2.88074155E-05
3.63596101E-01  1.81951926E-05  2.59194548E-05
3.64151964E-01  -6.14091071E-06  2.91230034E-05
3.64707827E-01  8.48337373E-06  2.61783014E-05
3.65325452E-01  2.17367255E-05  2.63487714E-05
3.65881315E-01  2.72723113E-05  2.96844853E-05
3.66437178E-01  5.51391251E-05  2.66412567E-05
3.66993041E-01  -3.39005559E-05  2.98538074E-05
3.67548904E-01  -2.62115612E-05  2.69019193E-05
3.68104767E-01  4.67225744E-05  3.02085616E-05
3.68660630E-01  5.19013250E-05  2.72279506E-05
3.69278255E-01  4.72971636E-05  2.73858644E-05
3.69834118E-01  5.12365911E-05  3.08189861E-05
3.70389981E-01  1.82540104E-05  2.76791192E-05
3.71007606E-01  4.43553674E-05  2.78583340E-05
3.71563469E-01  -2.24737617E-06  3.13707744E-05
3.72119332E-01  2.63900141E-05  2.81878473E-05
3.72675195E-01  2.90816764E-05  3.16269969E-05
3.73231058E-01  2.27285082E-05  2.85065970E-05
3.73848683E-01  -1.35077684E-06  2.86782734E-05
3.74404546E-01  5.09687094E-06  3.22181790E-05
3.74960409E-01  -2.42752191E-05  2.90079387E-05
3.75578035E-01  2.85490576E-05  2.92119519E-05
3.76195660E-01  1.60446812E-05  2.94272108E-05
3.76751523E-01  4.38146630E-05  3.31363517E-05
3.77307386E-01  1.77932556E-05  2.97961919E-05
3.77925011E-01  3.47496663E-05  2.99990943E-05
3.78480874E-01  -6.04170071E-06  3.38480795E-05
3.79036737E-01  6.76408894E-05  3.03506468E-05
3.79654363E-01  1.09416385E-06  3.05826032E-05
3.80271988E-01  3.47476009E-05  3.08011842E-05
3.80827851E-01  3.06091468E-05  3.47929767E-05
3.81383714E-01  5.13798919E-06  3.12322252E-05
3.82001339E-01  -1.38413464E-05  3.14866478E-05
3.82618965E-01  2.90657260E-05  3.17158969E-05
3.83174828E-01  1.24653385E-05  3.55771666E-05
3.83730691E-01  4.42293524E-05  3.22274078E-05
3.84348316E-01  9.61591888E-05  3.24354373E-05
3.84965942E-01  -4.32973882E-06  3.26569280E-05
3.85583567E-01  3.71586575E-05  3.29327318E-05
3.86201192E-01  -6.24751926E-06  3.29583544E-05
3.86757055E-01  1.53478217E-05  3.67162760E-05
3.87312918E-01  -1.22401248E-05  3.30392876E-05
3.87930544E-01  9.89398217E-06  3.30650798E-05
3.88548169E-01  4.88784896E-05  3.31180144E-05
3.89165795E-01  3.85927101E-05  3.33640474E-05
3.89783420E-01  3.53217085E-05  3.36540641E-05
3.90339283E-01  3.89399008E-06  3.77273686E-05
3.90895146E-01  4.08953909E-05  3.41537366E-05
3.91512771E-01  8.15762891E-06  3.44300685E-05
3.92130397E-01  6.86440505E-05  3.47892980E-05
3.92748022E-01  -4.22423282E-05  3.50680440E-05
3.93365648E-01  -5.10956177E-05  3.53562135E-05
3.93983273E-01  1.01394129E-05  3.57069996E-05
3.94600898E-01  9.95545401E-05  3.60544995E-05
3.95218524E-01  2.98761099E-05  3.62420722E-05
3.95836149E-01  3.08721818E-05  3.66537383E-05
3.96453775E-01  2.97388313E-05  3.70461056E-05
3.97071400E-01  -5.69194402E-05  3.73929969E-05
3.97689026E-01  3.20273170E-05  3.77927321E-05
3.98306651E-01  -1.47262705E-05  3.82093457E-05
3.98924277E-01  6.00328200E-05  3.85987346E-05
3.99541902E-01  1.92379996E-05  3.90295932E-05
4.00159528E-01  6.27444220E-05  3.94564240E-05
4.00777153E-01  5.22233116E-05  3.98866854E-05
4.01394778E-01  -4.86119460E-05  4.03346187E-05
4.02012404E-01  9.59876262E-05  4.08480894E-05
4.02630029E-01  6.89357158E-05  4.13204702E-05
4.03247655E-01  -1.54397869E-05  4.17776778E-05
4.03865280E-01  1.90307449E-05  4.23261375E-05
4.04482906E-01  2.02928931E-05  4.28779541E-05
4.05100531E-01  -8.82146314E-06  4.31736279E-05
4.05718157E-01  -3.40134281E-05  4.38737101E-05
4.06335782E-01  1.06872578E-06  4.44671666E-05
4.06953407E-01  3.05509533E-05  4.50721501E-05
4.07571033E-01  6.02093455E-05  4.57837963E-05
4.08188658E-01  -2.06951553E-05  4.64065112E-05
4.08806284E-01  -4.46909965E-05  4.71699639E-05
4.09423909E-01  3.47277588E-05  4.78846083E-05
4.10103297E-01  7.04873408E-06  4.47841930E-05
4.10782685E-01  1.53751780E-05  4.94255016E-05
4.11400311E-01  4.10945877E-05  5.02954256E-05
4.12017936E-01  7.75675550E-05  5.12973233E-05
4.12635562E-01  6.76362627E-06  5.22287299E-05
4.13253187E-01  4.79475512E-05  5.32417565E-05
4.13870812E-01  1.01050543E-04  5.43242561E-05
4.14550200E-01  -9.31592302E-07  5.09297495E-05
4.15229588E-01  -2.43954947E-05  5.69305382E-05
4.15847214E-01  3.40686863E-05  5.80995467E-05
4.16464839E-01  -8.75522301E-05  5.90967730E-05
4.17082465E-01  -1.38484987E-05  6.05042244E-05


### HEADER:
#
#{
#    "analysis": {
#        "GNOM": {
#            "Alpha": 2.226,
#            "Dmax": "108",
#            "GNOM_ChiSquared": 0.7834017341804876,
#            "GNOM_Quality_Assessment": "a REASONABLE solution",
#            "Real_Space_I0": 0.001335,
#            "Real_Space_I0_Err": 8.122e-06,
#            "Real_Space_Rg": 25.5,
#            "Real_Space_Rg_Err": 0.4268,
#            "Total_Estimate": 0.675,
#            "qEnd": 0.41708246479348154,
#            "qStart": 0.002902839603923239
#        },
#        "guinier": {
#            "I0": "0.0013241813471210101",
#            "I0_autorg_err": -1,
#            "I0_err": 6.3212000182332665e-06,
#            "I0_est_err": 1.1665792620104146e-06,
#            "I0_fit_err": 6.3212000182332665e-06,
#            "Rg": "23.92449705173019",
#            "Rg_autorg_err": -1,
#            "Rg_err": 0.20480901142529684,
#            "Rg_est_err": 0.06753376698959526,
#            "Rg_fit_err": 0.20480901142529684,
#            "nEnd": 415,
#            "nStart": 0,
#            "qEnd": "0.05417",
#            "qRg_max": "1.2958883682464932",
#            "qRg_min": "0.06944897754570716",
#            "qStart": "0.0029",
#            "rsq": "0.885106277788346"
#        },
#        "molecularWeight": {
#            "Absolute": {
#                "Density_buffer": "3.34e+23",
#                "Density_dry_protein": "3.22e+23",
#                "MW": "",
#                "Partial_specific_volume": "0.7425"
#            },
#            "DatmwBayes": {
#                "ConfidenceIntervalLower": "13.8",
#                "ConfidenceIntervalProbability": "96.5496",
#                "ConfidenceIntervalUpper": "16.45",
#                "MW": "14.825",
#                "MWProbability": "42.9199"
#            },
#            "I(0)Concentration": {
#                "MW": ""
#            },
#            "PorodVolume": {
#                "Cutoff": "Default",
#                "Density": "0.00083",
#                "MW": "15.515204478156912",
#                "Q_max": "0.33450594244358006",
#                "VPorod": "34477.16911415989",
#                "VPorod_Corrected": "18693.017443562545"
#            },
#            "ShapeAndSize": {
#                "Dmax": "80.73",
#                "MW": "21.711",
#                "Shape": "flat"
#            },
#            "VolumeOfCorrelation": {
#                "Cutoff": "Manual",
#                "MW": "16.079196698213025",
#                "Q_max": "0.3",
#                "Type": "Protein",
#                "Vcor": "217.61188393898044"
#            }
#        }
#    },
#    "calibration_params": {
#        "Beam_Center_X": 2485.947824803951,
#        "Beam_Center_Y": 832.772394330027,
#        "Detector Tilt": 2.5221666988024696,
#        "Detector Tilt Plane Rotation": -77.43956101516139,
#        "Detector_X_Pixel_Size": 75.0,
#        "Detector_Y_Pixel_Size": 75.0,
#        "Integration Method": "nosplit_csr_ocl",
#        "Radial_Average_Method": "pyFAI",
#        "Sample-to-detector distance (mm)": 3685.431263756,
#        "Wavelength (A)": 1.03320164497
#    },
#    "config_file": null,
#    "counters": {
#        "Attenuator,_16_foil": "Out",
#        "Attenuator,_1_foil": "Out",
#        "Attenuator,_2_foil": "Out",
#        "Attenuator,_32_foil": "Out",
#        "Attenuator,_4_foil": "Out",
#        "Attenuator,_8_foil": "Out",
#        "Buffer": "20 mM HEPES, 150 mM NaCl, 2 mM DTT, pH 7.0",
#        "Coflow_on": "True",
#        "Collimator_vacuum_mtorr": "6.2",
#        "Column": "Superdex 75 10/300 Increase",
#        "Concentration_mg/ml": "2.6",
#        "D_hutch_shutter_open": "True",
#        "Date": "2022-11-19 19:48:55.840947",
#        "Experiment_type": "SEC-SAXS",
#        "Exposure time/frame (s)": "0.5",
#        "Exposure_period/frame_s": "1.0",
#        "File_prefix": "TM06_027",
#        "Flight_tube_vacuum_mtorr": "8.1",
#        "Flow rate (ml/min)": "0.6",
#        "Front_end_shutter_open": "True",
#        "Guard_slit_vacuum_mtorr": "7.2",
#        "I0_gain": "1e+05",
#        "I1_gain": "1e+06",
#        "I2_gain": "1e+03",
#        "I3_gain": "1e+05",
#        "Instrument": "BioCAT (Sector 18, APS)",
#        "Loaded_volume_uL": "250",
#        "Nominal_Transmission_12_keV": "1.0",
#        "Notes": "Using a mismatched sheath of 20 mM Na Phosphate, 150 mM NaCl.\n\nTube labeled 7",
#        "Number_of_frames": "3000",
#        "Number_of_images_per_file": "100",
#        "Number_of_triggers": "1",
#        "Outlet_flow_rate_mL/min": "0.8571428571428572",
#        "Sample": "6 - V14",
#        "Sample_vacuum_mtorr": "7.2",
#        "Save_directory": "/nas_data/Eiger2x/2022_Run3/20221119_Mittag/TM06",
#        "Sheath_excess_ratio": "1.5",
#        "Sheath_inlet_flow_rate_including_excess_mL/min": "0.8999999999999999",
#        "Sheath_ratio": "0.3",
#        "Sheath_valve_position": "1",
#        "Temperature_C": "25",
#        "UV_integration_time": "None",
#        "UV_scans_averaged_per_spectrum": "None",
#        "Wait_for_trigger": "True"
#    },
#    "filename": "S_A_TM06_027.dat",
#    "imageHeader": {
#        "htype": "dconfig-1.0",
#        "series": 1664
#    },
#    "load_path": "",
#    "metadata": {
#        "Detector": "Eiger2 XE 9M"
#    },
#    "normalizations": {
#        "Absolute_scale": {
#            "Absolute_scale_factor": 85193.56174099886,
#            "Ignore_background": true,
#            "Method": "Glassy_carbon"
#        },
#        "Counter_norms": [
#            [
#                "/",
#                "I0"
#            ]
#        ],
#        "Polarization": {
#            "Used": false
#        },
#        "Solid_Angle_Correction": "On"
#    },
#    "raw_version": "2.1.4"
#}

