### DATA:
#
# 1696
#      Q             I(Q)           Error     
2.90283960E-03  1.12275143E-03  3.56497331E-04
3.02636469E-03  1.63673809E-03  3.35296024E-04
3.14988978E-03  1.67243303E-03  2.97918517E-04
3.27341487E-03  1.96999586E-03  2.75607042E-04
3.39693996E-03  1.63121812E-03  2.56737579E-04
3.52046505E-03  1.93780022E-03  2.40428792E-04
3.64399014E-03  2.21885719E-03  2.31361749E-04
3.76751523E-03  1.80798323E-03  2.20523812E-04
3.89104032E-03  1.88606218E-03  2.18921779E-04
4.01456541E-03  1.82391703E-03  2.11438378E-04
4.13809050E-03  1.83437423E-03  2.04115865E-04
4.26161559E-03  1.81381087E-03  1.98513677E-04
4.38514068E-03  1.58417196E-03  1.92687343E-04
4.50866577E-03  1.73886761E-03  1.88100055E-04
4.63219086E-03  1.46265455E-03  1.83645816E-04
4.75571595E-03  1.92782412E-03  1.78509135E-04
4.87924104E-03  1.83515253E-03  1.73410304E-04
5.00276613E-03  1.60328045E-03  1.71242951E-04
5.12629122E-03  1.55261406E-03  1.66749708E-04
5.24981630E-03  1.66624871E-03  1.62169354E-04
5.37334139E-03  1.69007028E-03  1.59491567E-04
5.49686648E-03  1.66112248E-03  1.57105103E-04
5.62039157E-03  1.70712803E-03  1.53403091E-04
5.74391666E-03  1.89259934E-03  1.50107539E-04
5.86744175E-03  1.78445748E-03  1.49053039E-04
5.99096684E-03  2.00970453E-03  1.44619220E-04
6.11449193E-03  2.08427132E-03  1.45659666E-04
6.23801702E-03  1.86653415E-03  1.42742359E-04
6.36154211E-03  2.00405058E-03  1.37961599E-04
6.48506720E-03  1.75183597E-03  1.38107358E-04
6.60859229E-03  1.94008990E-03  1.37005983E-04
6.73211738E-03  1.63749519E-03  1.33666283E-04
6.85564247E-03  1.84657211E-03  1.30744459E-04
6.97916756E-03  1.73293572E-03  1.28948624E-04
7.10269265E-03  1.76579441E-03  1.30231656E-04
7.22621774E-03  1.85176322E-03  1.27554955E-04
7.34974283E-03  1.83127955E-03  1.27012303E-04
7.47326792E-03  1.79050063E-03  1.24070007E-04
7.59679301E-03  1.85485594E-03  1.21819119E-04
7.72031810E-03  1.94366688E-03  1.22869341E-04
7.84384319E-03  1.70863565E-03  1.20774540E-04
7.96736827E-03  1.76547589E-03  1.18925253E-04
8.09089336E-03  1.95535897E-03  1.19656816E-04
8.21441845E-03  1.80197342E-03  1.17730542E-04
8.33794354E-03  1.80007923E-03  1.17363911E-04
8.46146863E-03  1.78084070E-03  1.14725547E-04
8.58499372E-03  1.76601899E-03  1.14743473E-04
8.70851881E-03  1.69051697E-03  1.14238654E-04
8.83204390E-03  1.96486910E-03  1.12646925E-04
8.95556899E-03  1.98193319E-03  1.11912650E-04
9.07909408E-03  1.84078839E-03  1.08876287E-04
9.20261917E-03  1.77019699E-03  1.09221671E-04
9.32614426E-03  1.91146837E-03  1.09739837E-04
9.44966935E-03  1.62283218E-03  1.07448918E-04
9.57319444E-03  1.78212959E-03  1.06586041E-04
9.69671953E-03  1.96624284E-03  1.05503744E-04
9.82024462E-03  1.77686266E-03  1.05709070E-04
9.94376971E-03  1.87811989E-03  1.03564625E-04
1.00672948E-02  1.84492647E-03  1.02882456E-04
1.01908199E-02  1.87716354E-03  1.03654987E-04
1.03143450E-02  1.75876574E-03  1.01324028E-04
1.04378701E-02  1.88975362E-03  1.01506761E-04
1.05613952E-02  1.81906593E-03  9.96398302E-05
1.06849202E-02  1.69654048E-03  9.94775097E-05
1.08084453E-02  1.72908491E-03  9.90628281E-05
1.09319704E-02  1.49473471E-03  9.80237662E-05
1.10554955E-02  1.85433607E-03  9.75400897E-05
1.11790206E-02  1.82177011E-03  9.63101895E-05
1.13025457E-02  1.69793075E-03  9.60025318E-05
1.14260708E-02  1.63037126E-03  9.60574879E-05
1.15495959E-02  1.78403735E-03  9.53509641E-05
1.16731210E-02  1.81990128E-03  9.44672104E-05
1.17966460E-02  1.89082554E-03  9.38830802E-05
1.19201711E-02  1.81689493E-03  9.31404031E-05
1.20436962E-02  1.78390294E-03  9.30279754E-05
1.21672213E-02  1.76449453E-03  9.15856587E-05
1.22907464E-02  1.85425329E-03  9.14973173E-05
1.24142715E-02  1.83897683E-03  9.11651229E-05
1.25377966E-02  1.93644383E-03  9.12481402E-05
1.26613217E-02  1.76498979E-03  8.96400967E-05
1.27848468E-02  1.80831124E-03  8.96536202E-05
1.29083719E-02  1.78028127E-03  8.93769207E-05
1.30318969E-02  1.90083197E-03  8.91484664E-05
1.31554220E-02  1.72098632E-03  8.78718640E-05
1.32789471E-02  1.63249096E-03  8.69394198E-05
1.34024722E-02  1.73289526E-03  8.75742776E-05
1.35259973E-02  1.86159828E-03  8.68058463E-05
1.36495224E-02  1.85949566E-03  8.66714285E-05
1.37730475E-02  1.84167192E-03  8.57908420E-05
1.38965726E-02  1.82000692E-03  8.53173687E-05
1.40200977E-02  1.83636755E-03  8.52290791E-05
1.41436228E-02  1.85776061E-03  8.49838439E-05
1.42671478E-02  1.90445016E-03  8.37813054E-05
1.43906729E-02  1.82271055E-03  8.42908056E-05
1.45141980E-02  1.80575328E-03  8.31350937E-05
1.46377231E-02  1.78425801E-03  8.32214332E-05
1.47612482E-02  1.69733083E-03  8.25897998E-05
1.48847733E-02  1.58288044E-03  8.21568516E-05
1.50082984E-02  1.76728155E-03  8.18014985E-05
1.51318235E-02  1.66937497E-03  8.14503607E-05
1.52553486E-02  1.81471452E-03  8.14572093E-05
1.53788736E-02  1.74926068E-03  8.04206129E-05
1.55023987E-02  1.77845513E-03  8.02474877E-05
1.56259238E-02  1.79064824E-03  8.03549051E-05
1.57494489E-02  1.61517952E-03  7.99889306E-05
1.58729740E-02  1.81339064E-03  7.91929033E-05
1.59964991E-02  1.74522010E-03  7.88671972E-05
1.61200242E-02  1.77799912E-03  7.84713727E-05
1.62435493E-02  1.82460609E-03  7.82603482E-05
1.63670744E-02  1.69071226E-03  7.81586502E-05
1.64905995E-02  1.64895217E-03  7.72395859E-05
1.66141245E-02  1.69287498E-03  7.71755016E-05
1.67376496E-02  1.71399771E-03  7.72892073E-05
1.68611747E-02  1.75336067E-03  7.67609186E-05
1.69846998E-02  1.72047918E-03  7.62503088E-05
1.71082249E-02  1.68547409E-03  7.61086500E-05
1.72317500E-02  1.76936210E-03  7.59596230E-05
1.73552751E-02  1.64932934E-03  7.54122202E-05
1.74788002E-02  1.61495932E-03  7.45549306E-05
1.76023253E-02  1.71368251E-03  7.53039465E-05
1.77258503E-02  1.65979434E-03  7.45601887E-05
1.78493754E-02  1.65206942E-03  7.45315031E-05
1.79729005E-02  1.71887178E-03  7.39895711E-05
1.80964256E-02  1.69555157E-03  7.34489278E-05
1.82199507E-02  1.76211517E-03  7.33758036E-05
1.83434758E-02  1.75888005E-03  7.32359868E-05
1.84670009E-02  1.75779589E-03  7.30831767E-05
1.85905260E-02  1.68000094E-03  7.22346936E-05
1.87140511E-02  1.64522816E-03  7.22853541E-05
1.88375762E-02  1.63168711E-03  7.21942082E-05
1.89611012E-02  1.64556302E-03  7.16458354E-05
1.90846263E-02  1.62727930E-03  7.14023554E-05
1.92081514E-02  1.57614799E-03  7.15460368E-05
1.93316765E-02  1.89317304E-03  7.12768486E-05
1.94552016E-02  1.65599178E-03  7.10139086E-05
1.95787267E-02  1.74742607E-03  6.98480676E-05
1.97022518E-02  1.73806696E-03  7.05481852E-05
1.98257769E-02  1.63645127E-03  7.00087308E-05
1.99493020E-02  1.54315847E-03  7.00354806E-05
2.00728270E-02  1.65687405E-03  6.97924444E-05
2.01963521E-02  1.76537845E-03  6.91615715E-05
2.03198772E-02  1.76665379E-03  6.91225676E-05
2.04434023E-02  1.73414428E-03  6.90672440E-05
2.05669274E-02  1.63580909E-03  6.88537958E-05
2.06904525E-02  1.62923312E-03  6.82948914E-05
2.08139776E-02  1.71126539E-03  6.81135620E-05
2.09375027E-02  1.75757663E-03  6.82895630E-05
2.10610278E-02  1.71745507E-03  6.79789482E-05
2.11845529E-02  1.65981285E-03  6.75046242E-05
2.13080779E-02  1.66645337E-03  6.75689775E-05
2.14316030E-02  1.63502809E-03  6.69423530E-05
2.15551281E-02  1.59408785E-03  6.71206009E-05
2.16786532E-02  1.59685595E-03  6.62329176E-05
2.18021783E-02  1.45254792E-03  6.66163070E-05
2.19257034E-02  1.66419402E-03  6.65437393E-05
2.20492285E-02  1.70784070E-03  6.62853987E-05
2.21727536E-02  1.59106531E-03  6.60305025E-05
2.22962787E-02  1.65385224E-03  6.56434491E-05
2.24198037E-02  1.62778818E-03  6.55012950E-05
2.25433288E-02  1.67570955E-03  6.56073118E-05
2.26668539E-02  1.64352775E-03  6.50478781E-05
2.27903790E-02  1.63950808E-03  6.50187173E-05
2.29139041E-02  1.66878463E-03  6.47685519E-05
2.30374292E-02  1.57361090E-03  6.44234657E-05
2.31609543E-02  1.58389195E-03  6.48291311E-05
2.32844794E-02  1.66615891E-03  6.40608977E-05
2.34080045E-02  1.66814253E-03  6.41237746E-05
2.35315296E-02  1.53235349E-03  6.35881314E-05
2.36550546E-02  1.64641009E-03  6.38525380E-05
2.37785797E-02  1.70138846E-03  6.35383193E-05
2.39021048E-02  1.58942398E-03  6.30754126E-05
2.40256299E-02  1.58078123E-03  6.32418925E-05
2.41491550E-02  1.64762306E-03  6.33624357E-05
2.42726801E-02  1.78077000E-03  6.25224710E-05
2.43962052E-02  1.73231336E-03  6.26995173E-05
2.45197303E-02  1.55438709E-03  6.23306024E-05
2.46432554E-02  1.68166053E-03  6.23029545E-05
2.47667805E-02  1.61711888E-03  6.23034451E-05
2.48903055E-02  1.66080244E-03  6.18728460E-05
2.50138306E-02  1.59331485E-03  6.17782928E-05
2.51373557E-02  1.50513671E-03  6.15794935E-05
2.52608808E-02  1.67642974E-03  6.15643418E-05
2.53844059E-02  1.62364798E-03  6.13626028E-05
2.55079310E-02  1.52188182E-03  6.11506112E-05
2.56314561E-02  1.52889036E-03  6.10570844E-05
2.57549812E-02  1.61446958E-03  6.10216516E-05
2.58785063E-02  1.61157643E-03  6.02519381E-05
2.60020313E-02  1.57328318E-03  6.05874569E-05
2.61255564E-02  1.63315939E-03  6.03313345E-05
2.62490815E-02  1.57288166E-03  6.05792023E-05
2.63726066E-02  1.60132962E-03  5.99826009E-05
2.64961317E-02  1.54855710E-03  5.97915465E-05
2.66196568E-02  1.71484326E-03  5.98011470E-05
2.67431819E-02  1.50456018E-03  5.94631816E-05
2.68667070E-02  1.53974494E-03  5.97791539E-05
2.69902321E-02  1.66891785E-03  5.93090115E-05
2.71137572E-02  1.61268616E-03  5.92037840E-05
2.72372822E-02  1.60320875E-03  5.90463057E-05
2.73608073E-02  1.55152818E-03  5.88884713E-05
2.74843324E-02  1.59171141E-03  5.87296511E-05
2.76078575E-02  1.47870538E-03  5.87457240E-05
2.77313826E-02  1.48844765E-03  5.85414459E-05
2.78549077E-02  1.49269737E-03  5.85042823E-05
2.79784328E-02  1.44540990E-03  5.80693636E-05
2.81019579E-02  1.51690976E-03  5.80867845E-05
2.82254830E-02  1.54240045E-03  5.81330869E-05
2.83490080E-02  1.57742837E-03  5.87436650E-05
2.84725331E-02  1.57850045E-03  5.91285416E-05
2.85960582E-02  1.61073313E-03  5.92283243E-05
2.87195833E-02  1.60089650E-03  5.91835639E-05
2.88431084E-02  1.45355569E-03  5.94056095E-05
2.89666335E-02  1.43576808E-03  5.93203736E-05
2.90901586E-02  1.60711350E-03  5.95249953E-05
2.92136837E-02  1.39771645E-03  5.95523899E-05
2.93372088E-02  1.48048965E-03  5.95941612E-05
2.94607339E-02  1.53784290E-03  5.97469101E-05
2.95842589E-02  1.59742834E-03  5.94532784E-05
2.97077840E-02  1.54373843E-03  5.95161715E-05
2.98313091E-02  1.52200470E-03  5.95387001E-05
2.99548342E-02  1.49576765E-03  5.98253840E-05
3.00783593E-02  1.56055871E-03  5.96553485E-05
3.02018844E-02  1.55789470E-03  5.96632300E-05
3.03254095E-02  1.53257009E-03  5.96692360E-05
3.04489346E-02  1.53713915E-03  5.95206400E-05
3.05724597E-02  1.46351076E-03  5.95632760E-05
3.06959847E-02  1.41896102E-03  5.94979911E-05
3.08195098E-02  1.47695997E-03  5.94839786E-05
3.09430349E-02  1.49960069E-03  5.97179130E-05
3.10665600E-02  1.46591443E-03  5.97629080E-05
3.11900851E-02  1.48135131E-03  5.92053140E-05
3.13136102E-02  1.43099631E-03  5.92660634E-05
3.14371353E-02  1.43229598E-03  5.93868274E-05
3.15606604E-02  1.56875689E-03  5.93596586E-05
3.16841855E-02  1.55372797E-03  5.95111039E-05
3.18077106E-02  1.53625667E-03  5.93937958E-05
3.19312356E-02  1.38597717E-03  5.91278562E-05
3.20547607E-02  1.50819259E-03  5.92305514E-05
3.21782858E-02  1.48928822E-03  5.91883162E-05
3.23018109E-02  1.46758579E-03  5.93632307E-05
3.24253360E-02  1.43347248E-03  5.90601795E-05
3.25488611E-02  1.41836902E-03  5.89909529E-05
3.26723862E-02  1.40566938E-03  5.90465218E-05
3.27959113E-02  1.47403176E-03  5.88002374E-05
3.29194364E-02  1.46899481E-03  5.90767059E-05
3.30429614E-02  1.41772376E-03  5.89484552E-05
3.31664865E-02  1.39305742E-03  5.79200663E-05
3.32900116E-02  1.35651622E-03  5.71800547E-05
3.34135367E-02  1.43933891E-03  5.73998472E-05
3.35370618E-02  1.52787791E-03  5.68883502E-05
3.36605869E-02  1.32439218E-03  5.62097449E-05
3.37841120E-02  1.44666153E-03  5.62614437E-05
3.39076371E-02  1.43332598E-03  5.62662695E-05
3.40311622E-02  1.42481446E-03  5.57785913E-05
3.41546873E-02  1.40888960E-03  5.57423881E-05
3.42782123E-02  1.43327782E-03  5.54717175E-05
3.44017374E-02  1.44536869E-03  5.50570464E-05
3.45252625E-02  1.35992520E-03  5.50713773E-05
3.46487876E-02  1.37083102E-03  5.48887420E-05
3.47723127E-02  1.36253847E-03  5.48652192E-05
3.48958378E-02  1.45022904E-03  5.46685073E-05
3.50193629E-02  1.34736038E-03  5.50525764E-05
3.51428880E-02  1.49758277E-03  5.52267030E-05
3.52664131E-02  1.48236859E-03  5.54796634E-05
3.53899381E-02  1.38447063E-03  5.55990635E-05
3.55134632E-02  1.41655866E-03  5.59035123E-05
3.56369883E-02  1.43664254E-03  5.58413669E-05
3.57605134E-02  1.43476522E-03  5.56942834E-05
3.58840385E-02  1.37965466E-03  5.55899963E-05
3.60075636E-02  1.40341288E-03  5.58982048E-05
3.61310887E-02  1.36719425E-03  5.57065410E-05
3.62546138E-02  1.44099185E-03  5.59623265E-05
3.63781389E-02  1.31533443E-03  5.58233849E-05
3.65016640E-02  1.41606169E-03  5.57110154E-05
3.66251890E-02  1.42768914E-03  5.58607668E-05
3.67487141E-02  1.44367270E-03  5.56691850E-05
3.68722392E-02  1.37346246E-03  5.57315110E-05
3.69957643E-02  1.44620048E-03  5.58099326E-05
3.71192894E-02  1.38029738E-03  5.56870150E-05
3.72428145E-02  1.35677089E-03  5.56989233E-05
3.73663396E-02  1.32045713E-03  5.55211921E-05
3.74898647E-02  1.39570793E-03  5.56924690E-05
3.76133898E-02  1.30576312E-03  5.56271211E-05
3.77369149E-02  1.35768696E-03  5.55246808E-05
3.78604399E-02  1.30424388E-03  5.55038262E-05
3.79839650E-02  1.33852589E-03  5.54753253E-05
3.81074901E-02  1.30613620E-03  5.54728573E-05
3.82310152E-02  1.35024981E-03  5.53517885E-05
3.83545403E-02  1.38591334E-03  5.53720199E-05
3.84780654E-02  1.28162013E-03  5.54059559E-05
3.86015905E-02  1.42055266E-03  5.52915727E-05
3.87251156E-02  1.33397866E-03  5.52428989E-05
3.88486407E-02  1.35210697E-03  5.52341833E-05
3.89721657E-02  1.31181731E-03  5.51228812E-05
3.90956908E-02  1.20139157E-03  5.52301129E-05
3.92192159E-02  1.29580608E-03  5.51417163E-05
3.93427410E-02  1.27493222E-03  5.48663662E-05
3.94662661E-02  1.33033650E-03  5.51344638E-05
3.95897912E-02  1.34891713E-03  5.50799553E-05
3.97133163E-02  1.35095840E-03  5.48933034E-05
3.98368414E-02  1.37741245E-03  5.43858336E-05
3.99603665E-02  1.33103373E-03  5.36509978E-05
4.00838916E-02  1.37423147E-03  5.34690846E-05
4.02074166E-02  1.33968036E-03  5.33003331E-05
4.03309417E-02  1.28239003E-03  5.29564469E-05
4.04544668E-02  1.28724218E-03  5.27098421E-05
4.05779919E-02  1.28247276E-03  5.24398466E-05
4.07015170E-02  1.28282396E-03  5.20778163E-05
4.08250421E-02  1.27691400E-03  5.21077037E-05
4.09485672E-02  1.29094736E-03  5.18661469E-05
4.10720923E-02  1.25032508E-03  5.17678163E-05
4.11956174E-02  1.32845390E-03  5.17876156E-05
4.13191424E-02  1.27170911E-03  5.12128641E-05
4.14426675E-02  1.34266691E-03  5.14245438E-05
4.15661926E-02  1.28679063E-03  5.10088604E-05
4.16897177E-02  1.27570618E-03  5.11158752E-05
4.18132428E-02  1.28344612E-03  5.08556228E-05
4.19367679E-02  1.29423489E-03  5.06108167E-05
4.20602930E-02  1.22754887E-03  5.06759848E-05
4.21838181E-02  1.32839760E-03  5.03093482E-05
4.23073432E-02  1.34339616E-03  5.04357789E-05
4.24308683E-02  1.17504712E-03  5.01492768E-05
4.25543933E-02  1.15097885E-03  5.00060178E-05
4.26779184E-02  1.20637937E-03  5.01223987E-05
4.28014435E-02  1.21377481E-03  4.96109000E-05
4.29249686E-02  1.18799534E-03  4.97559694E-05
4.30484937E-02  1.28997305E-03  4.95246397E-05
4.31720188E-02  1.23158770E-03  4.94730461E-05
4.32955439E-02  1.25063518E-03  4.97239322E-05
4.34190690E-02  1.20537795E-03  4.89747555E-05
4.35425941E-02  1.27435796E-03  4.94376305E-05
4.36661191E-02  1.32425336E-03  4.88068871E-05
4.37896442E-02  1.16444824E-03  4.89497968E-05
4.39131693E-02  1.22316129E-03  4.88001083E-05
4.40366944E-02  1.22578307E-03  4.88458884E-05
4.41602195E-02  1.22620803E-03  4.87422633E-05
4.42837446E-02  1.22586127E-03  4.84947447E-05
4.44072697E-02  1.28118546E-03  4.84148532E-05
4.45307948E-02  1.24276034E-03  4.85532178E-05
4.46543199E-02  1.24155264E-03  4.80995729E-05
4.47778450E-02  1.20101726E-03  4.82657083E-05
4.49013700E-02  1.19939763E-03  4.79789110E-05
4.50248951E-02  1.16632326E-03  4.78294686E-05
4.51484202E-02  1.21338663E-03  4.78880154E-05
4.52719453E-02  1.19425696E-03  4.75427812E-05
4.53954704E-02  1.18519900E-03  4.77705080E-05
4.55189955E-02  1.10947796E-03  4.72967380E-05
4.56425206E-02  1.13060927E-03  4.74615938E-05
4.57660457E-02  1.15520027E-03  4.72520060E-05
4.58895708E-02  1.20704771E-03  4.71151093E-05
4.60130958E-02  1.20184723E-03  4.71008746E-05
4.61366209E-02  1.13404067E-03  4.70502058E-05
4.62601460E-02  1.16886398E-03  4.68737373E-05
4.63836711E-02  1.17671971E-03  4.67631567E-05
4.65071962E-02  1.25422118E-03  4.68295739E-05
4.66307213E-02  1.15068071E-03  4.65461586E-05
4.67542464E-02  1.17485366E-03  4.64760551E-05
4.68777715E-02  1.19029615E-03  4.64936186E-05
4.70012966E-02  1.15282014E-03  4.62507005E-05
4.71248217E-02  1.19683273E-03  4.63510439E-05
4.72483467E-02  1.18878788E-03  4.61121632E-05
4.73718718E-02  1.17922184E-03  4.61584429E-05
4.74953969E-02  1.12251883E-03  4.59709379E-05
4.76189220E-02  1.08438430E-03  4.58433834E-05
4.77424471E-02  1.11674179E-03  4.58549337E-05
4.78659722E-02  1.11962950E-03  4.56080935E-05
4.79894973E-02  1.19315302E-03  4.57081326E-05
4.81130224E-02  1.16463729E-03  4.55087830E-05
4.82365475E-02  1.18816999E-03  4.56728141E-05
4.83600726E-02  1.15942664E-03  4.53226093E-05
4.84835976E-02  1.15800620E-03  4.51937416E-05
4.86071227E-02  1.09873638E-03  4.52896633E-05
4.87306478E-02  1.12818686E-03  4.50449226E-05
4.88541729E-02  1.15903258E-03  4.52428282E-05
4.89776980E-02  1.12596179E-03  4.47324835E-05
4.91012231E-02  1.15706762E-03  4.49250009E-05
4.92247482E-02  1.14980028E-03  4.48374678E-05
4.93482733E-02  1.15037249E-03  4.47038726E-05
4.94717984E-02  1.09352886E-03  4.48243042E-05
4.95953234E-02  1.06474169E-03  4.43930920E-05
4.97188485E-02  1.05081047E-03  4.46119195E-05
4.98423736E-02  1.12604055E-03  4.44047284E-05
4.99658987E-02  1.14862170E-03  4.43890188E-05
5.00894238E-02  1.04469189E-03  4.42859164E-05
5.02129489E-02  1.09336148E-03  4.46599046E-05
5.03364740E-02  1.05961521E-03  4.50264335E-05
5.04599991E-02  1.15462865E-03  4.49325974E-05
5.05835242E-02  1.07301649E-03  4.50705760E-05
5.07070493E-02  1.06520709E-03  4.51931603E-05
5.08305743E-02  1.01553222E-03  4.50328857E-05
5.09540994E-02  1.08196439E-03  4.54808600E-05
5.10776245E-02  1.03732245E-03  4.51001617E-05
5.12011496E-02  1.09496761E-03  4.53504085E-05
5.13246747E-02  1.07259575E-03  4.53025922E-05
5.14481998E-02  1.15612757E-03  4.53345694E-05
5.15717249E-02  1.10485522E-03  4.54357308E-05
5.16952500E-02  1.08608992E-03  4.52277044E-05
5.18187751E-02  1.04546763E-03  4.49511876E-05
5.19423001E-02  1.03000554E-03  4.45754714E-05
5.20658252E-02  1.02289751E-03  4.44483788E-05
5.21893503E-02  1.10904441E-03  4.43661101E-05
5.23128754E-02  1.07739156E-03  4.42154581E-05
5.24364005E-02  1.09256200E-03  4.41820308E-05
5.25599256E-02  1.08972541E-03  4.38399515E-05
5.26834507E-02  1.04717635E-03  4.39169441E-05
5.28069758E-02  1.08088281E-03  4.38435460E-05
5.29305009E-02  1.05401105E-03  4.38310632E-05
5.30540260E-02  1.09351513E-03  4.37961867E-05
5.31775510E-02  1.02769135E-03  4.32529830E-05
5.33010761E-02  1.07716144E-03  4.35258822E-05
5.34246012E-02  1.03512630E-03  4.35446770E-05
5.35481263E-02  1.06770511E-03  4.33335981E-05
5.36716514E-02  1.09287115E-03  4.33971099E-05
5.37951765E-02  9.80032110E-04  4.30120644E-05
5.39187016E-02  1.04879564E-03  4.33687217E-05
5.40422267E-02  1.02978623E-03  4.30291757E-05
5.41657518E-02  1.05238190E-03  4.30461886E-05
5.42892768E-02  1.04846980E-03  4.29513728E-05
5.44128019E-02  9.87149288E-04  4.27462060E-05
5.45363270E-02  1.03351603E-03  4.30993951E-05
5.46598521E-02  1.06150114E-03  4.27715511E-05
5.47833772E-02  9.83716508E-04  4.27247747E-05
5.49069023E-02  9.61952189E-04  4.26252161E-05
5.50304274E-02  9.44499304E-04  4.25148037E-05
5.51539525E-02  1.03248552E-03  4.27467401E-05
5.52774776E-02  9.81443640E-04  4.24203600E-05
5.54010027E-02  1.02839066E-03  4.24323639E-05
5.55245277E-02  9.91572359E-04  4.25153085E-05
5.56480528E-02  9.74667926E-04  4.21842999E-05
5.57715779E-02  9.59562579E-04  4.22815195E-05
5.58951030E-02  9.50004448E-04  4.22516873E-05
5.60186281E-02  9.93028781E-04  4.22169911E-05
5.61421532E-02  9.07795413E-04  4.21464849E-05
5.62656783E-02  9.66680076E-04  4.20001117E-05
5.63892034E-02  9.32930893E-04  4.19883236E-05
5.65127285E-02  9.09943131E-04  4.19747084E-05
5.66362535E-02  9.89121948E-04  4.20608432E-05
5.67597786E-02  1.01248760E-03  4.18070320E-05
5.68833037E-02  1.02921192E-03  4.17393063E-05
5.70068288E-02  9.47557835E-04  4.17745691E-05
5.71303539E-02  9.24871003E-04  4.17127567E-05
5.72538790E-02  1.03739129E-03  4.17086881E-05
5.73774041E-02  9.06020395E-04  4.15600954E-05
5.75009292E-02  9.23043548E-04  4.15195158E-05
5.76244543E-02  1.01934947E-03  4.16091981E-05
5.77479794E-02  9.41440544E-04  4.14891417E-05
5.78715044E-02  9.79010755E-04  4.13698122E-05
5.79950295E-02  8.94136208E-04  4.11910750E-05
5.81185546E-02  9.62458659E-04  4.12979126E-05
5.82420797E-02  9.64874799E-04  4.11744417E-05
5.83656048E-02  9.66586620E-04  4.11765215E-05
5.84891299E-02  9.61860353E-04  4.09998212E-05
5.86126550E-02  9.47374914E-04  4.08677651E-05
5.87361801E-02  9.70268915E-04  4.11073971E-05
5.88597052E-02  8.95999356E-04  4.08365000E-05
5.89832302E-02  9.30806948E-04  4.07270579E-05
5.91067553E-02  9.16099228E-04  4.06409917E-05
5.92302804E-02  9.19554167E-04  4.06775353E-05
5.93538055E-02  8.35086701E-04  4.07509878E-05
5.94773306E-02  9.25243651E-04  4.05329747E-05
5.96008557E-02  9.42095587E-04  4.05025967E-05
5.97243808E-02  9.33787988E-04  4.05675545E-05
5.98479059E-02  9.04299341E-04  4.03657638E-05
5.99714310E-02  8.72720732E-04  4.04608075E-05
6.00949561E-02  8.86837355E-04  4.02740242E-05
6.02184811E-02  9.25005684E-04  4.03377017E-05
6.03420062E-02  9.11912454E-04  4.03931207E-05
6.04655313E-02  9.11932526E-04  4.01192113E-05
6.05890564E-02  8.87003419E-04  4.02568428E-05
6.07125815E-02  9.37006150E-04  4.00846243E-05
6.08361066E-02  9.15554706E-04  4.03542318E-05
6.09596317E-02  8.94112300E-04  4.00891316E-05
6.10831568E-02  8.38672413E-04  3.99513520E-05
6.12066819E-02  9.32042351E-04  4.00674807E-05
6.13302070E-02  9.15523714E-04  4.00033306E-05
6.14537320E-02  8.84899924E-04  4.00094120E-05
6.15772571E-02  8.98294949E-04  3.98507318E-05
6.17007822E-02  8.31625845E-04  3.97831787E-05
6.18243073E-02  8.84528037E-04  3.98205940E-05
6.19478324E-02  8.87066355E-04  3.96049508E-05
6.20713575E-02  8.17005057E-04  3.96767382E-05
6.21948826E-02  8.88065116E-04  3.94654678E-05
6.23184077E-02  8.53390069E-04  3.95761043E-05
6.24419328E-02  9.07329035E-04  3.94675266E-05
6.25654578E-02  8.93606826E-04  3.93019952E-05
6.26889829E-02  8.87343258E-04  3.94193330E-05
6.28125080E-02  8.33956261E-04  3.91211765E-05
6.29360331E-02  8.37393968E-04  3.95013113E-05
6.30595582E-02  9.03896179E-04  3.92345277E-05
6.31830833E-02  8.87274936E-04  3.91134112E-05
6.33066084E-02  8.53438660E-04  3.90813353E-05
6.34301335E-02  9.19496376E-04  3.90699039E-05
6.35536586E-02  8.77746398E-04  3.92320306E-05
6.36771837E-02  8.19833600E-04  3.89005879E-05
6.38007087E-02  8.27373913E-04  3.89781250E-05
6.39242338E-02  8.31609084E-04  3.90248436E-05
6.40477589E-02  8.81857088E-04  3.87481224E-05
6.41712840E-02  8.66018752E-04  3.89244534E-05
6.42948091E-02  7.68983177E-04  3.87359086E-05
6.44183342E-02  8.05608265E-04  3.87380047E-05
6.45418593E-02  8.00856936E-04  3.89589972E-05
6.46653844E-02  8.59995746E-04  3.86694314E-05
6.47889095E-02  8.45513166E-04  3.86682976E-05
6.49124345E-02  8.36893355E-04  3.84924903E-05
6.50359596E-02  8.21730660E-04  3.86063720E-05
6.51594847E-02  8.32427880E-04  3.86463957E-05
6.52830098E-02  8.34854624E-04  3.85346016E-05
6.54065349E-02  7.89303779E-04  3.85554017E-05
6.55300600E-02  8.41231687E-04  3.83629853E-05
6.56535851E-02  8.02179993E-04  3.83991038E-05
6.57771102E-02  8.06448201E-04  3.84223395E-05
6.59006353E-02  8.04667609E-04  3.83200601E-05
6.60241604E-02  8.15649547E-04  3.83876286E-05
6.61476854E-02  8.46382512E-04  3.82761342E-05
6.62712105E-02  8.30308004E-04  3.81620233E-05
6.63947356E-02  8.37056344E-04  3.82268435E-05
6.65182607E-02  8.17588952E-04  3.81152035E-05
6.66417858E-02  7.71324814E-04  3.81463478E-05
6.67653109E-02  7.54304857E-04  3.79818134E-05
6.68888360E-02  8.28941753E-04  3.80763488E-05
6.70123611E-02  7.40313988E-04  3.78849010E-05
6.71358862E-02  8.00580257E-04  3.80440024E-05
6.72594112E-02  8.28951101E-04  3.78979558E-05
6.73829363E-02  7.98312293E-04  3.78649297E-05
6.75064614E-02  7.66464536E-04  3.78476710E-05
6.76299865E-02  8.51550404E-04  3.77168015E-05
6.77535116E-02  7.79717773E-04  3.78750644E-05
6.78770367E-02  7.26294371E-04  3.76028927E-05
6.80005618E-02  8.24537752E-04  3.76933965E-05
6.81240869E-02  8.14287788E-04  3.76790382E-05
6.82476120E-02  7.53817592E-04  3.75587216E-05
6.83711371E-02  7.76857042E-04  3.75828447E-05
6.84946621E-02  7.97790898E-04  3.74544993E-05
6.86181872E-02  7.53077543E-04  3.75380747E-05
6.87417123E-02  7.65128218E-04  3.74493860E-05
6.88652374E-02  7.82956857E-04  3.73456052E-05
6.89887625E-02  7.34763517E-04  3.73641097E-05
6.91122876E-02  7.71521283E-04  3.71796804E-05
6.92358127E-02  7.97942980E-04  3.73965180E-05
6.93593378E-02  7.72268974E-04  3.72409020E-05
6.94828629E-02  7.50770254E-04  3.71684584E-05
6.96063879E-02  7.30422674E-04  3.72955970E-05
6.97299130E-02  6.66595863E-04  3.70380346E-05
6.98534381E-02  7.52666625E-04  3.71317178E-05
6.99769632E-02  7.81181754E-04  3.69574437E-05
7.01004883E-02  7.45341530E-04  3.70817977E-05
7.02240134E-02  7.33586419E-04  3.69747926E-05
7.03475385E-02  7.87359466E-04  3.68618707E-05
7.04710636E-02  7.54801197E-04  3.69844651E-05
7.05945887E-02  8.08399205E-04  3.67667949E-05
7.07181138E-02  7.17027380E-04  3.68669441E-05
7.08416388E-02  7.35187603E-04  3.68229434E-05
7.09651639E-02  7.16328093E-04  3.67358393E-05
7.10886890E-02  7.37507730E-04  3.67485290E-05
7.12122141E-02  8.03306618E-04  3.65484199E-05
7.13357392E-02  7.08851687E-04  3.67047196E-05
7.14592643E-02  7.43358651E-04  3.65892679E-05
7.15827894E-02  7.47785483E-04  3.64794360E-05
7.17063145E-02  7.20193911E-04  3.66044190E-05
7.18298396E-02  7.33962560E-04  3.63293207E-05
7.19533647E-02  7.20455749E-04  3.66354792E-05
7.20768897E-02  6.89052188E-04  3.63618356E-05
7.22004148E-02  7.34410743E-04  3.63371768E-05
7.23239399E-02  6.81988071E-04  3.64304294E-05
7.24474650E-02  7.16437512E-04  3.62312905E-05
7.25709901E-02  7.00654350E-04  3.64402812E-05
7.26945152E-02  6.87304161E-04  3.62026325E-05
7.28180403E-02  6.46409740E-04  3.61756473E-05
7.29415654E-02  7.36693158E-04  3.63520660E-05
7.30650905E-02  7.48230009E-04  3.61149478E-05
7.31886155E-02  7.55425175E-04  3.62334116E-05
7.33121406E-02  7.06316249E-04  3.60477343E-05
7.34356657E-02  7.17426611E-04  3.60621661E-05
7.35591908E-02  7.51054444E-04  3.61424325E-05
7.36827159E-02  7.71563981E-04  3.59982383E-05
7.38062410E-02  6.92246241E-04  3.60362114E-05
7.39297661E-02  6.47049443E-04  3.58748506E-05
7.40532912E-02  6.65954675E-04  3.60187194E-05
7.41768163E-02  7.33885669E-04  3.58980661E-05
7.43003414E-02  6.80849185E-04  3.58606607E-05
7.44238664E-02  6.69710489E-04  3.59494884E-05
7.45473915E-02  6.39090245E-04  3.56516632E-05
7.46709166E-02  6.99477133E-04  3.58570438E-05
7.47944417E-02  6.75502298E-04  3.56626024E-05
7.49179668E-02  6.23131788E-04  3.57364233E-05
7.50414919E-02  6.83701495E-04  3.56651732E-05
7.51650170E-02  6.38283785E-04  3.55719064E-05
7.52885421E-02  6.62004796E-04  3.56249664E-05
7.54120672E-02  6.79275138E-04  3.55024578E-05
7.55355922E-02  6.81495463E-04  3.55750841E-05
7.56591173E-02  6.54630664E-04  3.54199633E-05
7.57826424E-02  6.37436248E-04  3.54982261E-05
7.59061675E-02  6.10500377E-04  3.54604165E-05
7.60296926E-02  6.52328976E-04  3.53443473E-05
7.61532177E-02  6.53005190E-04  3.53611363E-05
7.62767428E-02  6.76862371E-04  3.53237659E-05
7.64002679E-02  6.68874917E-04  3.54084055E-05
7.65237930E-02  7.09066102E-04  3.52926577E-05
7.66473181E-02  6.15714452E-04  3.52160491E-05
7.67708431E-02  6.39046841E-04  3.53260861E-05
7.68943682E-02  6.53005813E-04  3.51368045E-05
7.70178933E-02  7.01811573E-04  3.54518321E-05
7.71414184E-02  6.54956261E-04  3.55263108E-05
7.72649435E-02  6.86815846E-04  3.56364072E-05
7.73884686E-02  6.45016509E-04  3.57838314E-05
7.75119937E-02  6.44087048E-04  3.56841791E-05
7.76355188E-02  6.19574106E-04  3.59449126E-05
7.77590439E-02  6.41895401E-04  3.56759352E-05
7.78825689E-02  5.61886824E-04  3.59663589E-05
7.80060940E-02  7.07210984E-04  3.60121864E-05
7.81296191E-02  6.52720714E-04  3.58664523E-05
7.82531442E-02  6.17761472E-04  3.60706460E-05
7.83766693E-02  6.41726601E-04  3.58832852E-05
7.85001944E-02  6.17825098E-04  3.61259763E-05
7.86237195E-02  6.56122995E-04  3.61682189E-05
7.87472446E-02  6.49303843E-04  3.58540635E-05
7.88707697E-02  6.24951099E-04  3.61949339E-05
7.89942948E-02  5.88704876E-04  3.60493482E-05
7.91178198E-02  5.91970923E-04  3.61567670E-05
7.92413449E-02  6.03612869E-04  3.61178990E-05
7.93648700E-02  6.23104161E-04  3.60174103E-05
7.94883951E-02  6.25406702E-04  3.62575363E-05
7.96119202E-02  6.51494157E-04  3.60217031E-05
7.97354453E-02  6.18073417E-04  3.62489900E-05
7.98589704E-02  6.11681617E-04  3.60835740E-05
7.99824955E-02  5.86644121E-04  3.61874668E-05
8.01060206E-02  5.60528910E-04  3.61890269E-05
8.02295456E-02  6.05988119E-04  3.61733804E-05
8.03530707E-02  6.56661984E-04  3.62352701E-05
8.04765958E-02  6.49631799E-04  3.61228055E-05
8.06001209E-02  6.08243625E-04  3.62068439E-05
8.07236460E-02  5.79743624E-04  3.62187009E-05
8.08471711E-02  6.06497788E-04  3.61072186E-05
8.09706962E-02  5.53416946E-04  3.62741688E-05
8.10942213E-02  6.26368779E-04  3.61551388E-05
8.12177464E-02  5.33339316E-04  3.62252279E-05
8.13412715E-02  6.88969926E-04  3.61277167E-05
8.14647965E-02  5.86307860E-04  3.61412489E-05
8.15883216E-02  5.99713349E-04  3.63186036E-05
8.17118467E-02  6.36473239E-04  3.61259035E-05
8.18353718E-02  5.90534990E-04  3.62904728E-05
8.19588969E-02  5.71503233E-04  3.60635752E-05
8.20824220E-02  5.94845218E-04  3.62473664E-05
8.22059471E-02  6.04464547E-04  3.62096669E-05
8.23294722E-02  5.84522976E-04  3.60629191E-05
8.24529973E-02  5.91431282E-04  3.62302332E-05
8.25765223E-02  5.82658770E-04  3.60211327E-05
8.27000474E-02  5.97952534E-04  3.61761691E-05
8.28235725E-02  5.50400688E-04  3.61095353E-05
8.29470976E-02  5.25181749E-04  3.59694272E-05
8.30706227E-02  6.01494195E-04  3.61018402E-05
8.31941478E-02  6.04797519E-04  3.59766485E-05
8.33176729E-02  5.84243709E-04  3.60352540E-05
8.34411980E-02  5.67059982E-04  3.59656972E-05
8.35647231E-02  5.75390224E-04  3.58383527E-05
8.36882482E-02  5.69431063E-04  3.60331127E-05
8.38117732E-02  5.46528296E-04  3.57690968E-05
8.39352983E-02  5.13153913E-04  3.60466906E-05
8.40588234E-02  5.80579981E-04  3.57430523E-05
8.41823485E-02  5.93416022E-04  3.59106793E-05
8.43058736E-02  5.25763315E-04  3.59187128E-05
8.44293987E-02  5.38144898E-04  3.57492401E-05
8.46146863E-02  5.91070150E-04  2.53763142E-05
8.47999740E-02  5.69647408E-04  3.58682855E-05
8.49234991E-02  5.69256735E-04  3.58174702E-05
8.50470241E-02  5.78910572E-04  3.57003190E-05
8.51705492E-02  5.68551893E-04  3.58797548E-05
8.52940743E-02  4.97673072E-04  3.56461633E-05
8.54175994E-02  5.84105273E-04  3.57971286E-05
8.55411245E-02  5.56760060E-04  3.56623791E-05
8.56646496E-02  5.51090513E-04  3.55366302E-05
8.57881747E-02  5.16736275E-04  3.58472728E-05
8.59116998E-02  4.78576102E-04  3.55541989E-05
8.60352249E-02  5.38172794E-04  3.57646633E-05
8.61587499E-02  4.92755048E-04  3.55126496E-05
8.62822750E-02  5.04622033E-04  3.55514710E-05
8.64675627E-02  5.28091760E-04  2.51276804E-05
8.66528503E-02  5.18176145E-04  3.56200852E-05
8.67763754E-02  4.71196794E-04  3.53950661E-05
8.68999005E-02  5.26451799E-04  3.56146535E-05
8.70234256E-02  4.80153200E-04  3.55339045E-05
8.71469507E-02  5.60167528E-04  3.53795295E-05
8.72704758E-02  5.30095219E-04  3.55515996E-05
8.73940008E-02  5.16065650E-04  3.53887437E-05
8.75175259E-02  4.50237978E-04  3.55080983E-05
8.76410510E-02  5.19345772E-04  3.54467809E-05
8.77645761E-02  5.29001445E-04  3.54128303E-05
8.79498637E-02  5.22896960E-04  2.50263965E-05
8.81351514E-02  5.65192998E-04  3.55389264E-05
8.82586765E-02  5.28395577E-04  3.53480777E-05
8.83822016E-02  5.09225001E-04  3.54575719E-05
8.85057266E-02  4.79305380E-04  3.53684722E-05
8.86292517E-02  5.49865525E-04  3.53288063E-05
8.87527768E-02  5.61329492E-04  3.54628905E-05
8.88763019E-02  4.75336052E-04  3.52417867E-05
8.89998270E-02  5.53150899E-04  3.54069581E-05
8.91233521E-02  5.51148618E-04  3.53577133E-05
8.93086397E-02  5.20000247E-04  2.49995536E-05
8.94939274E-02  5.35048699E-04  3.52261456E-05
8.96174525E-02  5.21512863E-04  3.53864056E-05
8.97409775E-02  4.62459742E-04  3.52314365E-05
8.98645026E-02  4.91301646E-04  3.52675773E-05
8.99880277E-02  5.14936212E-04  3.53018098E-05
9.01115528E-02  4.71186347E-04  3.52964964E-05
9.02350779E-02  4.63348445E-04  3.53328965E-05
9.04203655E-02  5.20024380E-04  2.48637489E-05
9.06056532E-02  5.20947969E-04  3.52129907E-05
9.07291783E-02  4.20769002E-04  3.52381007E-05
9.08527033E-02  4.73522812E-04  3.52446407E-05
9.09762284E-02  4.61312690E-04  3.50224381E-05
9.10997535E-02  5.00281849E-04  3.52082471E-05
9.12232786E-02  5.22934154E-04  3.51345843E-05
9.14085663E-02  5.12125594E-04  2.48571968E-05
9.15938539E-02  4.90170778E-04  3.51033457E-05
9.17173790E-02  5.13805987E-04  3.51955890E-05
9.18409041E-02  4.85527753E-04  3.49792993E-05
9.19644292E-02  4.73889452E-04  3.50534069E-05
9.20879542E-02  4.61833685E-04  3.51442681E-05
9.22114793E-02  5.35833770E-04  3.50045729E-05
9.23967670E-02  4.66566482E-04  2.48185344E-05
9.25820546E-02  4.24407711E-04  3.49757257E-05
9.27055797E-02  4.83491677E-04  3.50197673E-05
9.28291048E-02  5.30809997E-04  3.49401103E-05
9.29526299E-02  4.83018836E-04  3.50857404E-05
9.30761550E-02  4.62964373E-04  3.48914394E-05
9.32614426E-02  4.45723273E-04  2.47390262E-05
9.34467302E-02  4.29826492E-04  3.49241351E-05
9.35702553E-02  4.40528990E-04  3.49335067E-05
9.36937804E-02  4.43226195E-04  3.48783582E-05
9.38173055E-02  4.61960852E-04  3.50043171E-05
9.39408306E-02  4.82594458E-04  3.48810775E-05
9.41261182E-02  4.02058422E-04  2.46420561E-05
9.43114059E-02  4.83940254E-04  3.48504520E-05
9.44349309E-02  4.37323070E-04  3.49068630E-05
9.45584560E-02  4.63362042E-04  3.47663994E-05
9.46819811E-02  4.96113355E-04  3.48184836E-05
9.48055062E-02  5.27124369E-04  3.49157852E-05
9.49907938E-02  4.42785460E-04  2.46129448E-05
9.51760815E-02  4.21715476E-04  3.46350780E-05
9.52996066E-02  4.84468044E-04  3.48536210E-05
9.54231317E-02  4.22396038E-04  3.47285717E-05
9.55466568E-02  4.54375530E-04  3.47556030E-05
9.57319444E-02  4.41436750E-04  2.45326658E-05
9.59172320E-02  4.28771677E-04  3.48165743E-05
9.60407571E-02  4.26144431E-04  3.46776323E-05
9.61642822E-02  5.10993435E-04  3.47592058E-05
9.62878073E-02  4.45023047E-04  3.47836577E-05
9.64730949E-02  4.15450772E-04  2.48615662E-05
9.66583826E-02  4.03961904E-04  3.52751794E-05
9.67819076E-02  4.55190785E-04  3.53847047E-05
9.69054327E-02  4.59637964E-04  3.54468121E-05
9.70289578E-02  4.14812238E-04  3.55766391E-05
9.72142455E-02  4.24681280E-04  2.51929763E-05
9.73995331E-02  5.19073391E-04  3.58128584E-05
9.75230582E-02  3.87703461E-04  3.56980806E-05
9.76465833E-02  4.02773356E-04  3.58733609E-05
9.78318709E-02  4.10523517E-04  2.53804484E-05
9.80171585E-02  4.29402620E-04  3.61007043E-05
9.81406836E-02  3.91303615E-04  3.59226874E-05
9.82642087E-02  3.92474292E-04  3.60387011E-05
9.83877338E-02  3.91736490E-04  3.61198353E-05
9.85730214E-02  4.33721216E-04  2.55973926E-05
9.87583091E-02  3.98061361E-04  3.61843154E-05
9.88818342E-02  3.51859815E-04  3.62106521E-05
9.90053593E-02  4.06858606E-04  3.62412075E-05
9.91906469E-02  3.82544101E-04  2.57364688E-05
9.93759345E-02  4.36193679E-04  3.62925876E-05
9.94994596E-02  3.98468584E-04  3.64068264E-05
9.96229847E-02  3.93795466E-04  3.64020734E-05
9.98082723E-02  4.49643297E-04  2.58235928E-05
9.99935600E-02  3.45485183E-04  3.63949018E-05
1.00117085E-01  3.91547999E-04  3.65983789E-05
1.00240610E-01  4.08831648E-04  3.65868617E-05
1.00425898E-01  4.66180994E-04  2.58876055E-05
1.00611185E-01  4.35824370E-04  3.66066449E-05
1.00734711E-01  3.54535385E-04  3.67622453E-05
1.00858236E-01  4.24977293E-04  3.67913986E-05
1.01043523E-01  4.07223280E-04  2.59453138E-05
1.01228811E-01  3.90455455E-04  3.62633841E-05
1.01352336E-01  4.50746754E-04  3.61960333E-05
1.01475861E-01  3.60253512E-04  3.61292436E-05
1.01661149E-01  3.86742690E-04  2.53950165E-05
1.01846436E-01  3.97794635E-04  3.58979441E-05
1.01969961E-01  3.94913096E-04  3.58469145E-05
1.02155249E-01  4.11191980E-04  2.52326022E-05
1.02340537E-01  3.33036150E-04  3.55439459E-05
1.02464062E-01  3.99830121E-04  3.55595868E-05
1.02587587E-01  3.90738379E-04  3.54625874E-05
1.02772874E-01  3.89809847E-04  2.50976973E-05
1.02958162E-01  3.47349516E-04  3.57940082E-05
1.03081687E-01  3.97408492E-04  3.58861965E-05
1.03266975E-01  3.35656871E-04  2.54403074E-05
1.03452262E-01  3.63930788E-04  3.62421703E-05
1.03575788E-01  3.39901284E-04  3.61972187E-05
1.03699313E-01  3.64742272E-04  3.62229749E-05
1.03884600E-01  3.65444522E-04  2.56648555E-05
1.04069888E-01  3.39347795E-04  3.65249125E-05
1.04193413E-01  3.99601224E-04  3.63108424E-05
1.04378701E-01  3.32624767E-04  2.58237511E-05
1.04563988E-01  3.45242935E-04  3.65974727E-05
1.04687513E-01  2.76497602E-04  3.64570332E-05
1.04872801E-01  3.50366952E-04  2.59287392E-05
1.05058089E-01  3.52612811E-04  3.67447742E-05
1.05181614E-01  3.94144400E-04  3.66795096E-05
1.05366901E-01  3.71952799E-04  2.59057996E-05
1.05552189E-01  3.65389145E-04  3.68977191E-05
1.05675714E-01  3.77061646E-04  3.68480403E-05
1.05799239E-01  3.62376904E-04  3.68975075E-05
1.05984527E-01  3.84491342E-04  2.60032873E-05
1.06169814E-01  3.74893539E-04  3.70534082E-05
1.06293340E-01  3.44087275E-04  3.67622832E-05
1.06478627E-01  3.67861442E-04  2.61357556E-05
1.06663915E-01  3.94377761E-04  3.70193909E-05
1.06787440E-01  3.48896822E-04  3.69401364E-05
1.06972728E-01  3.69855238E-04  2.61468440E-05
1.07158015E-01  3.75918531E-04  3.71666111E-05
1.07281540E-01  3.68760210E-04  3.71521603E-05
1.07466828E-01  3.78508681E-04  2.61869519E-05
1.07652116E-01  4.08509449E-04  3.71248292E-05
1.07775641E-01  3.15838552E-04  3.72259749E-05
1.07960928E-01  3.51673719E-04  2.62085765E-05
1.08146216E-01  3.56977051E-04  3.72983900E-05
1.08331504E-01  3.49034209E-04  2.62534030E-05
1.08516791E-01  3.94496875E-04  3.70880571E-05
1.08640316E-01  4.31825842E-04  3.72614545E-05
1.08825604E-01  3.52010111E-04  2.63117602E-05
1.09010892E-01  3.21477064E-04  3.69825548E-05
1.09134417E-01  4.19352831E-04  3.72732199E-05
1.09319704E-01  3.53668659E-04  2.62973142E-05
1.09504992E-01  3.45587466E-04  3.70677717E-05
1.09628517E-01  3.51542036E-04  3.72116017E-05
1.09813805E-01  3.09200656E-04  2.63381217E-05
1.09999092E-01  3.48380950E-04  3.71260144E-05
1.10184380E-01  3.54820254E-04  2.63285500E-05
1.10369667E-01  3.38233278E-04  3.73297607E-05
1.10493193E-01  3.53370926E-04  3.71720777E-05
1.10678480E-01  3.19739739E-04  2.63148541E-05
1.10863768E-01  3.13747561E-04  3.72812229E-05
1.10987293E-01  3.18009781E-04  3.72543418E-05
1.11172581E-01  3.16269735E-04  2.63215228E-05
1.11357868E-01  2.98825909E-04  3.73449907E-05
1.11543156E-01  3.31197942E-04  2.63490266E-05
1.11728443E-01  3.37037760E-04  3.72935602E-05
1.11851969E-01  3.39473913E-04  3.72874453E-05
1.12037256E-01  3.30190716E-04  2.63831859E-05
1.12222544E-01  2.84678550E-04  3.71799137E-05
1.12407831E-01  2.75077808E-04  2.64327801E-05
1.12593119E-01  2.58160955E-04  3.73322473E-05
1.12716644E-01  3.01640350E-04  3.72454893E-05
1.12901932E-01  3.03107622E-04  2.64769426E-05
1.13087219E-01  3.07034427E-04  3.73447424E-05
1.13272507E-01  3.01239529E-04  2.63917002E-05
1.13457795E-01  2.60546638E-04  3.74617902E-05
1.13643082E-01  2.71964386E-04  2.64843708E-05
1.13828370E-01  3.25594593E-04  3.75327139E-05
1.13951895E-01  3.28073083E-04  3.73791908E-05
1.14137183E-01  3.06767480E-04  2.64982694E-05
1.14322470E-01  2.72918438E-04  3.74532859E-05
1.14507758E-01  3.29150852E-04  2.65373773E-05
1.14693046E-01  3.15405069E-04  3.73755608E-05
1.14878333E-01  2.79000112E-04  2.64560108E-05
1.15063621E-01  2.70494238E-04  3.74985066E-05
1.15187146E-01  2.41866819E-04  3.73591420E-05
1.15372434E-01  3.19273602E-04  2.64352881E-05
1.15557721E-01  3.11875867E-04  3.73692801E-05
1.15743009E-01  3.01005822E-04  2.64949967E-05
1.15928297E-01  3.32768701E-04  3.74457861E-05
1.16113584E-01  3.25223862E-04  2.64662483E-05
1.16298872E-01  2.51106634E-04  3.76887718E-05
1.16484159E-01  3.02606867E-04  2.67944694E-05
1.16669447E-01  3.24861679E-04  3.80715542E-05
1.16792972E-01  3.13766236E-04  3.80853458E-05
1.16978260E-01  2.82109190E-04  2.69779607E-05
1.17163547E-01  3.09827015E-04  3.81492899E-05
1.17348835E-01  2.56566415E-04  2.71002694E-05
1.17534123E-01  2.56417119E-04  3.83011132E-05
1.17719410E-01  2.74210906E-04  2.71998029E-05
1.17904698E-01  2.99842720E-04  3.86040842E-05
1.18089986E-01  2.85296863E-04  2.72642805E-05
1.18275273E-01  2.87837806E-04  3.87261403E-05
1.18460561E-01  3.19814008E-04  2.73695913E-05
1.18645848E-01  2.66148321E-04  3.87896423E-05
1.18831136E-01  2.41522307E-04  2.73503037E-05
1.19016424E-01  2.71514548E-04  3.86450825E-05
1.19201711E-01  2.40153319E-04  2.73568062E-05
1.19386999E-01  2.24430195E-04  3.87508807E-05
1.19572287E-01  2.83339857E-04  2.73316647E-05
1.19757574E-01  3.06071546E-04  3.86911209E-05
1.19942862E-01  3.48199116E-04  2.73752499E-05
1.20128150E-01  3.02268641E-04  3.87747158E-05
1.20313437E-01  2.47686693E-04  2.72367219E-05
1.20498725E-01  3.44502550E-04  3.86705591E-05
1.20684012E-01  2.42124042E-04  2.73241564E-05
1.20869300E-01  2.66590244E-04  3.86245952E-05
1.21054588E-01  3.16431060E-04  2.72891223E-05
1.21239875E-01  2.81665539E-04  3.84748995E-05
1.21425163E-01  2.90434897E-04  2.73195685E-05
1.21610451E-01  2.79253967E-04  3.85269857E-05
1.21795738E-01  2.83449110E-04  2.72496490E-05
1.21981026E-01  2.32349512E-04  3.84538845E-05
1.22166314E-01  2.78926399E-04  2.72844031E-05
1.22351601E-01  2.32873882E-04  3.84371454E-05
1.22536889E-01  2.85447034E-04  2.71940859E-05
1.22722176E-01  2.82424508E-04  3.85749067E-05
1.22907464E-01  2.71223236E-04  2.71953244E-05
1.23092752E-01  2.58284512E-04  3.84464977E-05
1.23278039E-01  2.27957861E-04  2.71984537E-05
1.23525090E-01  2.71080822E-04  2.71153794E-05
1.23710377E-01  2.17217202E-04  3.83690522E-05
1.23895665E-01  2.42488209E-04  2.71048213E-05
1.24080952E-01  2.78389941E-04  3.82735933E-05
1.24266240E-01  2.52058108E-04  2.70692029E-05
1.24451528E-01  2.57486403E-04  3.82506906E-05
1.24636815E-01  2.48605769E-04  2.69932354E-05
1.24822103E-01  2.30269301E-04  3.83031405E-05
1.25007391E-01  2.85405636E-04  2.69906960E-05
1.25254441E-01  2.69541351E-04  2.69370354E-05
1.25439728E-01  2.43434984E-04  3.81514861E-05
1.25625016E-01  2.53017052E-04  2.69032802E-05
1.25810304E-01  2.73876172E-04  3.79582931E-05
1.25995591E-01  2.26152731E-04  2.68759206E-05
1.26180879E-01  2.76374998E-04  3.79044197E-05
1.26366167E-01  2.65237152E-04  2.68513579E-05
1.26613217E-01  2.66480971E-04  2.68266993E-05
1.26798504E-01  1.98159942E-04  3.77309591E-05
1.26983792E-01  2.66306674E-04  2.67523474E-05
1.27169080E-01  1.99610711E-04  3.79213797E-05
1.27354367E-01  2.60644060E-04  2.67046393E-05
1.27539655E-01  2.96335749E-04  3.78691836E-05
1.27724943E-01  2.08286048E-04  2.67161281E-05
1.27971993E-01  2.36175065E-04  2.67063453E-05
1.28157280E-01  2.11238035E-04  3.78187582E-05
1.28342568E-01  2.55068074E-04  2.66988576E-05
1.28527856E-01  2.75852270E-04  3.77132055E-05
1.28713143E-01  2.17213075E-04  2.66997159E-05
1.28960193E-01  1.74002901E-04  2.66297075E-05
1.29145481E-01  2.08741349E-04  3.76792268E-05
1.29330769E-01  2.15254354E-04  2.66700770E-05
1.29577819E-01  2.50553155E-04  2.66593438E-05
1.29763107E-01  1.98214082E-04  3.76404264E-05
1.29948394E-01  2.57436439E-04  2.66091505E-05
1.30133682E-01  2.30250917E-04  3.76065547E-05
1.30318969E-01  2.47731160E-04  2.66540238E-05
1.30566020E-01  2.46663597E-04  2.65857944E-05
1.30751307E-01  2.17965149E-04  3.77177544E-05
1.30936595E-01  2.25299943E-04  2.65714098E-05
1.31183645E-01  2.18435446E-04  2.65754863E-05
1.31368933E-01  2.15488598E-04  3.76101292E-05
1.31554220E-01  1.99456200E-04  2.65403109E-05
1.31801271E-01  1.76140018E-04  2.65153461E-05
1.31986558E-01  2.26069583E-04  3.75957889E-05
1.32171846E-01  1.97265023E-04  2.65444140E-05
1.32357133E-01  2.09835263E-04  3.74775723E-05
1.32542421E-01  1.65807725E-04  2.65147170E-05
1.32789471E-01  2.29604371E-04  2.64873937E-05
1.32974759E-01  2.86673347E-04  3.73486207E-05
1.33160047E-01  2.48749159E-04  2.64777755E-05
1.33407097E-01  2.19329849E-04  2.64566007E-05
1.33592384E-01  1.90333902E-04  3.72621447E-05
1.33777672E-01  1.57680711E-04  2.64865270E-05
1.34024722E-01  2.13870021E-04  2.64395719E-05
1.34210010E-01  2.60665450E-04  3.72012611E-05
1.34395297E-01  2.23467899E-04  2.64912414E-05
1.34642348E-01  2.25130572E-04  2.64215679E-05
1.34889398E-01  2.31435236E-04  2.63883366E-05
1.35074685E-01  2.24847394E-04  3.72540662E-05
1.35259973E-01  1.65821532E-04  2.63816436E-05
1.35507023E-01  2.07798016E-04  2.63760393E-05
1.35692311E-01  2.33466924E-04  3.71500898E-05
1.35877598E-01  1.95982352E-04  2.64079684E-05
1.36124649E-01  1.77599239E-04  2.63494828E-05
1.36309936E-01  2.23943959E-04  3.70941477E-05
1.36495224E-01  2.05667236E-04  2.63740917E-05
1.36742274E-01  1.71042696E-04  2.63303222E-05
1.36989324E-01  2.08139272E-04  2.62828107E-05
1.37174612E-01  1.63409071E-04  3.71573036E-05
1.37359900E-01  2.11432794E-04  2.63041989E-05
1.37606950E-01  1.78265276E-04  2.62972215E-05
1.37792237E-01  2.30925796E-04  3.71759317E-05
1.37977525E-01  1.94192516E-04  2.62386977E-05
1.38224575E-01  2.13008647E-04  2.62837605E-05
1.38471625E-01  1.71243664E-04  2.62033218E-05
1.38656913E-01  1.46995011E-04  3.71471151E-05
1.38842201E-01  2.05388869E-04  2.62527973E-05
1.39089251E-01  2.41569764E-04  2.62086482E-05
1.39274538E-01  1.68978527E-04  3.71024784E-05
1.39459826E-01  1.74223560E-04  2.62103840E-05
1.39706876E-01  1.79223354E-04  2.62092477E-05
1.39953926E-01  1.59755895E-04  2.61414154E-05
1.40139214E-01  2.07137201E-04  3.69940338E-05
1.40324502E-01  2.18358521E-04  2.61805718E-05
1.40571552E-01  1.91482005E-04  2.61342698E-05
1.40818602E-01  1.78846365E-04  2.61493958E-05
1.41065652E-01  1.73603359E-04  2.60958622E-05
1.41250940E-01  1.49503892E-04  3.69523192E-05
1.41436228E-01  1.93009642E-04  2.61248225E-05
1.41683278E-01  1.83837850E-04  2.60887075E-05
1.41930328E-01  1.56022751E-04  2.60901227E-05
1.42115616E-01  1.84937408E-04  3.69289521E-05
1.42300903E-01  1.80323449E-04  2.60685697E-05
1.42547953E-01  2.27656280E-04  2.60904907E-05
1.42795003E-01  1.53438859E-04  2.60311093E-05
1.42980291E-01  1.98237371E-04  3.69668466E-05
1.43165579E-01  1.83696145E-04  2.60166140E-05
1.43412629E-01  2.13763705E-04  2.59999808E-05
1.43659679E-01  1.75040726E-04  2.60535169E-05
1.43906729E-01  1.90858045E-04  2.60373381E-05
1.44092017E-01  2.12625474E-04  3.67266625E-05
1.44277305E-01  1.72709653E-04  2.59762625E-05
1.44524355E-01  1.81377333E-04  2.60451134E-05
1.44771405E-01  1.72323930E-04  2.59439145E-05
1.45018455E-01  1.75856580E-04  2.59600151E-05
1.45203743E-01  1.75827029E-04  3.68092767E-05
1.45389030E-01  1.42363451E-04  2.58982777E-05
1.45636081E-01  1.73685010E-04  2.59568583E-05
1.45883131E-01  1.93692681E-04  2.58675483E-05
1.46130181E-01  1.36640262E-04  2.59386262E-05
1.46377231E-01  1.25396581E-04  2.58925027E-05
1.46562519E-01  1.67798114E-04  3.65270842E-05
1.46747806E-01  2.16525890E-04  2.59202290E-05
1.46994857E-01  1.79894974E-04  2.58287154E-05
1.47241907E-01  1.85851487E-04  2.59023875E-05
1.47488957E-01  1.55906404E-04  2.57161840E-05
1.47736007E-01  1.80952162E-04  2.58754708E-05
1.47921295E-01  1.22292105E-04  3.64996147E-05
1.48106582E-01  1.60429790E-04  2.57558482E-05
1.48353633E-01  1.44971354E-04  2.58111175E-05
1.48600683E-01  1.54116743E-04  2.57535651E-05
1.48847733E-01  1.49451030E-04  2.57825263E-05
1.49094783E-01  1.75730904E-04  2.57727973E-05
1.49341833E-01  1.70645744E-04  2.57988786E-05
1.49527121E-01  1.35908629E-04  3.63062979E-05
1.49712409E-01  1.54829101E-04  2.57133110E-05
1.49959459E-01  1.20344062E-04  2.57592487E-05
1.50206509E-01  1.32888675E-04  2.56752560E-05
1.50453559E-01  1.37226517E-04  2.57188317E-05
1.50700609E-01  1.85072154E-04  2.56678027E-05
1.50947659E-01  1.45709193E-04  2.57546659E-05
1.51194710E-01  1.49023120E-04  2.56528616E-05
1.51441760E-01  1.58940584E-04  2.56742471E-05
1.51627047E-01  1.85500737E-04  3.62771358E-05
1.51812335E-01  1.61599584E-04  2.56492279E-05
1.52059385E-01  1.49928156E-04  2.56625464E-05
1.52306435E-01  1.45076597E-04  2.56028142E-05
1.52553486E-01  1.94457999E-04  2.56588654E-05
1.52800536E-01  1.72562738E-04  2.55722081E-05
1.53047586E-01  1.67853390E-04  2.56545538E-05
1.53294636E-01  1.90287696E-04  2.56378330E-05
1.53541686E-01  1.89931623E-04  2.55536792E-05
1.53788736E-01  1.47985244E-04  2.55489235E-05
1.54035787E-01  1.46946791E-04  2.55541836E-05
1.54221074E-01  1.61341017E-04  3.62106773E-05
1.54406362E-01  1.60942790E-04  2.55297210E-05
1.54653412E-01  1.25130239E-04  2.55441306E-05
1.54900462E-01  1.61485192E-04  2.55049584E-05
1.55147512E-01  1.59324398E-04  2.55056680E-05
1.55394563E-01  1.75960222E-04  2.55247935E-05
1.55641613E-01  1.62140955E-04  2.55006774E-05
1.55888663E-01  1.76340734E-04  2.54697520E-05
1.56135713E-01  1.37112227E-04  2.54276541E-05
1.56382763E-01  1.72258793E-04  2.54602689E-05
1.56629814E-01  1.19847522E-04  2.54383233E-05
1.56876864E-01  1.45821527E-04  2.54759985E-05
1.57123914E-01  1.53838846E-04  2.53991410E-05
1.57370964E-01  1.58425302E-04  2.54200028E-05
1.57618014E-01  1.37720228E-04  2.53857853E-05
1.57865064E-01  1.51869329E-04  2.53866832E-05
1.58112115E-01  1.78625068E-04  2.54136943E-05
1.58359165E-01  1.40048980E-04  2.53472874E-05
1.58606215E-01  1.33186852E-04  2.53435405E-05
1.58853265E-01  1.19875389E-04  2.53362009E-05
1.59100315E-01  1.70859691E-04  2.53256762E-05
1.59347365E-01  1.74999242E-04  2.53723899E-05
1.59594416E-01  1.57127849E-04  2.53158118E-05
1.59841466E-01  1.50549186E-04  2.52897186E-05
1.60088516E-01  1.18017895E-04  2.53150183E-05
1.60335566E-01  1.52437774E-04  2.52339249E-05
1.60582616E-01  9.52322986E-05  2.52926767E-05
1.60829667E-01  1.30174462E-04  2.52926351E-05
1.61076717E-01  1.59014992E-04  2.52179486E-05
1.61323767E-01  1.06142979E-04  2.52634331E-05
1.61570817E-01  1.43060179E-04  2.51946741E-05
1.61817867E-01  1.57983973E-04  2.52127700E-05
1.62064917E-01  1.03200312E-04  2.51972332E-05
1.62311968E-01  1.17219237E-04  2.52299672E-05
1.62559018E-01  1.47484374E-04  2.52010056E-05
1.62806068E-01  1.46146552E-04  2.51626377E-05
1.63053118E-01  1.20507718E-04  2.51647129E-05
1.63300168E-01  1.77313373E-04  2.51994564E-05
1.63547219E-01  9.57092888E-05  2.51132005E-05
1.63794269E-01  1.33979486E-04  2.51775657E-05
1.64041319E-01  1.40369488E-04  2.51521033E-05
1.64288369E-01  1.05003429E-04  2.51019720E-05
1.64535419E-01  1.00398228E-04  2.55452908E-05
1.64782469E-01  1.61239750E-04  2.58083674E-05
1.65029520E-01  9.18849911E-05  2.60074294E-05
1.65276570E-01  8.77996923E-05  2.61643919E-05
1.65523620E-01  1.17746059E-04  2.62892381E-05
1.65770670E-01  1.60020589E-04  2.63676804E-05
1.66079483E-01  1.49466588E-04  2.17065759E-05
1.66388296E-01  1.38897270E-04  2.66426847E-05
1.66635346E-01  1.28967010E-04  2.67775057E-05
1.66882396E-01  1.19953670E-04  2.68957702E-05
1.67129446E-01  1.30339341E-04  2.69968942E-05
1.67376496E-01  1.20941834E-04  2.69893657E-05
1.67623546E-01  1.41663054E-04  2.71605607E-05
1.67870597E-01  1.30330875E-04  2.71957960E-05
1.68117647E-01  1.00582997E-04  2.73346889E-05
1.68364697E-01  1.51567015E-04  2.73042682E-05
1.68611747E-01  1.53982299E-04  2.75217820E-05
1.68920560E-01  1.34197228E-04  2.24359349E-05
1.69229373E-01  1.22590575E-04  2.75277131E-05
1.69476423E-01  1.20957462E-04  2.69256592E-05
1.69723473E-01  1.08281681E-04  2.67920039E-05
1.69970523E-01  9.08003065E-05  2.66061874E-05
1.70217573E-01  1.26563493E-04  2.65210477E-05
1.70464624E-01  1.34129003E-04  2.64087865E-05
1.70711674E-01  1.00804133E-04  2.63556194E-05
1.71020486E-01  1.34543916E-04  2.14067141E-05
1.71329299E-01  1.30071077E-04  2.62459203E-05
1.71576349E-01  1.01722938E-04  2.60528468E-05
1.71823400E-01  1.28728243E-04  2.60743539E-05
1.72070450E-01  9.79331407E-05  2.59372566E-05
1.72317500E-01  1.03317474E-04  2.59526803E-05
1.72564550E-01  8.06244591E-05  2.58573045E-05
1.72873363E-01  1.13999843E-04  2.10876792E-05
1.73182176E-01  1.18737472E-04  2.57809674E-05
1.73429226E-01  9.36235521E-05  2.57793340E-05
1.73676276E-01  8.29745264E-05  2.56387560E-05
1.73923326E-01  1.00302830E-04  2.57232083E-05
1.74170376E-01  9.63365514E-05  2.56403932E-05
1.74479189E-01  1.38709772E-04  2.09358522E-05
1.74788002E-01  1.58416664E-04  2.55540295E-05
1.75035052E-01  1.19691245E-04  2.55877580E-05
1.75282102E-01  1.04919992E-04  2.55164270E-05
1.75529152E-01  1.34513592E-04  2.55893590E-05
1.75837965E-01  1.03279461E-04  2.07732130E-05
1.76146778E-01  7.56071818E-05  2.55324946E-05
1.76393828E-01  1.24386324E-04  2.53815505E-05
1.76640878E-01  1.39197297E-04  2.54171115E-05
1.76887928E-01  1.34654074E-04  2.54272940E-05
1.77196741E-01  7.35369767E-05  2.07539218E-05
1.77505554E-01  9.93612320E-05  2.53477078E-05
1.77752604E-01  9.61946099E-05  2.54113898E-05
1.77999654E-01  1.17805771E-04  2.53059071E-05
1.78246704E-01  6.16851183E-05  2.53827593E-05
1.78555517E-01  9.78568596E-05  2.06269600E-05
1.78864330E-01  9.21994516E-05  2.55388472E-05
1.79111380E-01  8.70287856E-05  2.58962929E-05
1.79358430E-01  1.48458580E-04  2.61746282E-05
1.79667243E-01  7.18097905E-05  2.14749715E-05
1.79976055E-01  1.29217512E-04  2.64747185E-05
1.80223106E-01  1.21163129E-04  2.66550353E-05
1.80470156E-01  1.30623035E-04  2.65190218E-05
1.80778969E-01  1.28606000E-04  2.13505179E-05
1.81087781E-01  1.11141592E-04  2.59154116E-05
1.81334831E-01  1.32591331E-04  2.57877266E-05
1.81581882E-01  1.46225274E-04  2.57047191E-05
1.81890694E-01  1.09595111E-04  2.08436967E-05
1.82199507E-01  8.14111027E-05  2.53884643E-05
1.82446557E-01  1.28986160E-04  2.53868806E-05
1.82755370E-01  1.17946378E-04  2.05700240E-05
1.83064183E-01  1.08356402E-04  2.52362939E-05
1.83311233E-01  9.81982220E-05  2.51218614E-05
1.83558283E-01  8.21499472E-05  2.51247785E-05
1.83867096E-01  1.25504718E-04  2.04873437E-05
1.84175908E-01  7.87804987E-05  2.50795613E-05
1.84422959E-01  9.47277372E-05  2.50404264E-05
1.84731771E-01  7.02138873E-05  2.04679705E-05
1.85040584E-01  1.31700933E-04  2.50054555E-05
1.85287634E-01  1.21995751E-04  2.49669342E-05
1.85596447E-01  9.09725346E-05  2.03494580E-05
1.85905260E-01  9.97164130E-05  2.48594861E-05
1.86152310E-01  1.29563063E-04  2.48481469E-05
1.86461123E-01  1.09516847E-04  2.02871579E-05
1.86769935E-01  1.02264055E-04  2.48093203E-05
1.87016986E-01  1.13641626E-04  2.47966770E-05
1.87325798E-01  8.95632875E-05  2.02149763E-05
1.87634611E-01  7.34757446E-05  2.47711623E-05
1.87881661E-01  1.19318713E-04  2.47908961E-05
1.88190474E-01  1.22796887E-04  2.01587086E-05
1.88499287E-01  1.06896891E-04  2.47258512E-05
1.88746337E-01  5.10961262E-05  2.46867669E-05
1.89055150E-01  7.41492071E-05  2.01121580E-05
1.89363962E-01  1.20446337E-04  2.46646139E-05
1.89611012E-01  1.34663321E-04  2.45983024E-05
1.89919825E-01  9.50034942E-05  2.01044390E-05
1.90228638E-01  6.81411155E-05  2.45824479E-05
1.90537451E-01  1.01911324E-04  2.00617817E-05
1.90846263E-01  8.25548397E-05  2.45706725E-05
1.91093314E-01  1.26042393E-04  2.45455350E-05
1.91402126E-01  8.69573558E-05  2.00299838E-05
1.91710939E-01  6.27372454E-05  2.45212137E-05
1.91957989E-01  8.75022676E-05  2.44636752E-05
1.92266802E-01  1.09507125E-04  2.00099424E-05
1.92575615E-01  6.96618385E-05  2.44323526E-05
1.92884427E-01  7.65397826E-05  1.99814894E-05
1.93193240E-01  7.68161051E-05  2.44258380E-05
1.93502053E-01  1.13635884E-04  1.99279018E-05
1.93810865E-01  9.83620334E-05  2.44026588E-05
1.94057916E-01  8.07544525E-05  2.43626260E-05
1.94366728E-01  1.09665627E-04  1.99029799E-05
1.94675541E-01  3.49378274E-05  2.43469196E-05
1.94984354E-01  1.03609686E-04  1.98831608E-05
1.95293167E-01  5.97769100E-05  2.43254608E-05
1.95601979E-01  9.75182321E-05  1.98512142E-05
1.95910792E-01  8.92558528E-05  2.43036132E-05
1.96157842E-01  9.44459315E-05  2.42639424E-05
1.96466655E-01  9.74056101E-05  1.98239957E-05
1.96775468E-01  8.37393386E-05  2.42155595E-05
1.97084280E-01  8.76410307E-05  1.98025069E-05
1.97393093E-01  8.92903113E-05  2.42118949E-05
1.97701906E-01  8.93545484E-05  1.97793311E-05
1.98010719E-01  8.25392705E-05  2.42136100E-05
1.98319531E-01  9.71647766E-05  1.97316528E-05
1.98628344E-01  1.14728108E-04  2.41946471E-05
1.98937157E-01  9.19396604E-05  1.97263351E-05
1.99245969E-01  9.99612300E-05  2.41295163E-05
1.99554782E-01  6.34228377E-05  1.96980341E-05
1.99863595E-01  5.95037115E-05  2.41166118E-05
2.00172408E-01  7.16302225E-05  1.96602309E-05
2.00481220E-01  4.01293887E-05  2.40711489E-05
2.00790033E-01  7.60682234E-05  1.96314943E-05
2.01098846E-01  9.47991372E-05  2.40286515E-05
2.01407658E-01  8.43666748E-05  1.95983791E-05
2.01716471E-01  7.64961573E-05  2.40276818E-05
2.02025284E-01  4.20331712E-05  1.95596696E-05
2.02334097E-01  1.21965467E-04  2.40273982E-05
2.02642909E-01  9.58832885E-05  1.95470157E-05
2.02951722E-01  7.30634162E-05  2.39983593E-05
2.03260535E-01  8.44663642E-05  1.95291065E-05
2.03569348E-01  9.75271236E-05  2.38633574E-05
2.03878160E-01  6.02775377E-05  1.95195454E-05
2.04186973E-01  7.80338560E-05  2.38022002E-05
2.04495786E-01  5.59127815E-05  1.94298528E-05
2.04866361E-01  9.81675768E-05  1.94417210E-05
2.05175174E-01  5.72732067E-05  2.37546943E-05
2.05483986E-01  7.78091308E-05  1.94218043E-05
2.05792799E-01  9.04092989E-05  2.37194564E-05
2.06101612E-01  9.23696176E-05  1.94467712E-05
2.06410425E-01  6.39176462E-05  2.37483496E-05
2.06719237E-01  7.15387552E-05  1.93890317E-05
2.07089813E-01  5.84442210E-05  1.93875384E-05
2.07398625E-01  8.96464101E-05  2.36728486E-05
2.07707438E-01  9.30306267E-05  1.93394243E-05
2.08016251E-01  6.54084825E-05  2.36826561E-05
2.08325063E-01  7.28889473E-05  1.92859664E-05
2.08695639E-01  8.43033508E-05  1.92892616E-05
2.09004451E-01  1.29607047E-04  2.36113586E-05
2.09313264E-01  5.30545876E-05  1.92965405E-05
2.09622077E-01  7.03352467E-05  2.35759920E-05
2.09930890E-01  1.04129983E-04  1.92462692E-05
2.10301465E-01  7.49261852E-05  1.92617156E-05
2.10610278E-01  4.19681632E-05  2.35194572E-05
2.10919090E-01  4.64704461E-05  1.92490113E-05
2.11289666E-01  9.03363245E-05  1.91906879E-05
2.11598478E-01  7.83720192E-05  2.35185541E-05
2.11907291E-01  6.42376917E-05  1.91810438E-05
2.12277866E-01  6.77542175E-05  1.91524484E-05
2.12586679E-01  5.97985023E-05  2.34586411E-05
2.12895492E-01  6.80998223E-05  1.91498695E-05
2.13266067E-01  5.97235724E-05  1.91599676E-05
2.13574880E-01  4.69665234E-05  2.33958711E-05
2.13883693E-01  5.61676288E-05  1.91219631E-05
2.14254268E-01  4.99640895E-05  1.91327594E-05
2.14563081E-01  5.40952148E-05  2.33647277E-05
2.14871893E-01  8.00258200E-05  1.90949061E-05
2.15242469E-01  6.90941803E-05  1.90773992E-05
2.15551281E-01  4.12795890E-05  2.33695031E-05
2.15860094E-01  9.12594066E-05  1.90719453E-05
2.16230669E-01  2.60024577E-05  1.90480191E-05
2.16539482E-01  9.81546791E-05  2.33390988E-05
2.16848295E-01  7.38002020E-05  1.90331544E-05
2.17218870E-01  7.20390610E-05  1.90380742E-05
2.17589445E-01  5.63393721E-05  1.90018502E-05
2.17898258E-01  6.56728156E-05  2.33098978E-05
2.18207071E-01  6.77478411E-05  1.89945022E-05
2.18577646E-01  6.72069890E-05  1.89702932E-05
2.18886459E-01  8.89960565E-05  2.32416743E-05
2.19195271E-01  6.97635587E-05  1.89604610E-05
2.19565847E-01  4.68887204E-05  1.89615775E-05
2.19936422E-01  4.94118621E-05  1.89676670E-05
2.20245235E-01  1.85382817E-05  2.31296457E-05
2.20554047E-01  4.53083431E-05  1.89594533E-05
2.20924623E-01  6.45855294E-05  1.88834097E-05
2.21295198E-01  5.94955519E-05  1.88980839E-05
2.21604011E-01  6.35541066E-05  2.31525471E-05
2.21912823E-01  5.63358688E-05  1.88805777E-05
2.22283399E-01  7.27148106E-05  1.88795604E-05
2.22653974E-01  7.39936737E-05  1.88841764E-05
2.23024549E-01  6.58483686E-05  1.88526251E-05
2.23333362E-01  4.61170633E-05  2.30713166E-05
2.23642175E-01  6.31342079E-05  1.88357291E-05
2.24012750E-01  6.30771380E-05  1.88082060E-05
2.24383325E-01  5.71775225E-05  1.88171547E-05
2.24753900E-01  6.00264727E-05  1.88076256E-05
2.25062713E-01  5.60172907E-05  2.30040652E-05
2.25371526E-01  6.78532741E-05  1.88045195E-05
2.25742101E-01  8.36645505E-05  1.87502595E-05
2.26112676E-01  4.66667476E-05  1.87722787E-05
2.26483252E-01  8.15300386E-05  1.87429279E-05
2.26792064E-01  8.08912454E-05  2.29411420E-05
2.27100877E-01  5.32525695E-05  1.87431431E-05
2.27471452E-01  2.56813045E-05  1.87269332E-05
2.27842028E-01  7.23709731E-05  1.87090492E-05
2.28212603E-01  5.12964137E-05  1.86886030E-05
2.28583178E-01  7.72507409E-05  1.87059778E-05
2.28953753E-01  3.52810898E-05  1.86760764E-05
2.29262566E-01  4.93023609E-05  2.28877392E-05
2.29571379E-01  6.22209143E-05  1.86622056E-05
2.29941954E-01  5.22426101E-05  1.86447015E-05
2.30312529E-01  5.38072783E-05  1.86285189E-05
2.30683105E-01  4.25068137E-05  1.86333514E-05
2.31053680E-01  5.81121122E-05  1.86305458E-05
2.31424255E-01  1.03810429E-04  1.86182654E-05
2.31794831E-01  5.94661093E-05  1.85928700E-05
2.32103643E-01  6.97927869E-05  2.27906485E-05
2.32412456E-01  4.96598223E-05  1.86632417E-05
2.32783031E-01  9.59458226E-05  1.90109213E-05
2.33153606E-01  5.01569420E-05  1.92357304E-05
2.33524182E-01  5.16464245E-05  1.93908508E-05
2.33894757E-01  5.69406463E-05  1.95313854E-05
2.34265332E-01  4.38131176E-05  1.96496620E-05
2.34635908E-01  6.43512898E-05  1.97644345E-05
2.35006483E-01  4.54507528E-05  1.98697990E-05
2.35377058E-01  5.46371309E-05  1.99678051E-05
2.35747633E-01  5.41860447E-05  2.00522789E-05
2.36118209E-01  7.43517146E-05  2.01415474E-05
2.36488784E-01  6.61027849E-05  2.02254341E-05
2.36859359E-01  5.04414057E-05  2.03030455E-05
2.37229934E-01  6.72541827E-05  2.03198344E-05
2.37600510E-01  5.14308231E-05  1.99498667E-05
2.37909322E-01  4.53325590E-05  2.41989512E-05
2.38218135E-01  1.86854231E-05  1.96230372E-05
2.38588710E-01  6.49108677E-05  1.95059988E-05
2.38959286E-01  3.04168520E-05  1.94276368E-05
2.39329861E-01  6.48297803E-05  1.93654995E-05
2.39700436E-01  6.10644994E-05  1.93000489E-05
2.40071011E-01  4.73407754E-05  1.92543390E-05
2.40441587E-01  8.05901688E-05  1.92061542E-05
2.40812162E-01  5.76034380E-05  1.91474119E-05
2.41182737E-01  3.18771717E-05  1.91253661E-05
2.41553313E-01  6.52204183E-05  1.90913315E-05
2.41923888E-01  7.34330335E-05  1.90652753E-05
2.42294463E-01  8.28652328E-05  1.90023832E-05
2.42726801E-01  5.29630691E-05  1.64692684E-05
2.43159139E-01  5.39308579E-05  1.89550855E-05
2.43529714E-01  8.64464944E-05  1.89365614E-05
2.43900289E-01  6.84817764E-05  1.88845779E-05
2.44270865E-01  5.22997228E-05  1.88493370E-05
2.44641440E-01  4.51766835E-05  1.88310850E-05
2.45012015E-01  5.35919189E-05  1.87783396E-05
2.45382590E-01  7.00312145E-05  1.87588660E-05
2.45753166E-01  4.82018487E-05  1.87245103E-05
2.46123741E-01  2.33044675E-05  1.86742495E-05
2.46494316E-01  7.43902378E-05  1.86358308E-05
2.46864891E-01  4.58242238E-05  1.86202185E-05
2.47235467E-01  2.61696792E-05  1.86021061E-05
2.47606042E-01  2.74536339E-05  1.85658718E-05
2.47976617E-01  5.57486158E-05  1.85143322E-05
2.48408955E-01  4.98275225E-05  1.60094243E-05
2.48841293E-01  2.97951324E-05  1.84436504E-05
2.49211868E-01  6.94528724E-05  1.83969424E-05
2.49582443E-01  7.00342014E-05  1.83915318E-05
2.49953019E-01  7.44005116E-05  1.83584610E-05
2.50323594E-01  5.34502723E-05  1.83454766E-05
2.50694169E-01  4.92640528E-05  1.83214943E-05
2.51064744E-01  5.82723035E-05  1.83440187E-05
2.51497082E-01  4.21563944E-05  1.58511010E-05
2.51929420E-01  4.09688295E-05  1.82820009E-05
2.52299995E-01  3.73164057E-05  1.82974160E-05
2.52670571E-01  3.51926114E-05  1.82863457E-05
2.53041146E-01  2.85772363E-05  1.82541185E-05
2.53411721E-01  3.45477384E-05  1.82586474E-05
2.53782296E-01  6.75121070E-05  1.82304116E-05
2.54214634E-01  4.70205282E-05  1.57921988E-05
2.54646972E-01  5.85791179E-05  1.81939814E-05
2.55017547E-01  4.30484349E-05  1.82169565E-05
2.55388123E-01  5.21832653E-05  1.81824246E-05
2.55758698E-01  6.82180821E-05  1.81918635E-05
2.56191036E-01  3.29336959E-05  1.57125371E-05
2.56623373E-01  4.56381915E-05  1.81799858E-05
2.56993949E-01  4.84637908E-05  1.81399214E-05
2.57364524E-01  7.57269238E-05  1.81205439E-05
2.57735099E-01  4.91077887E-05  1.81268248E-05
2.58167437E-01  5.78360551E-05  1.56824598E-05
2.58599775E-01  1.99015643E-05  1.81043596E-05
2.58970350E-01  3.75317670E-05  1.80840200E-05
2.59340925E-01  2.09113505E-05  1.80691881E-05
2.59773263E-01  4.87239743E-05  1.56392593E-05
2.60205601E-01  5.40337890E-05  1.80659271E-05
2.60576176E-01  4.35956016E-05  1.80309495E-05
2.60946752E-01  6.77984022E-05  1.80320019E-05
2.61379089E-01  5.33042238E-05  1.56191375E-05
2.61811427E-01  4.55370858E-05  1.79857681E-05
2.62182003E-01  5.44552929E-05  1.80074896E-05
2.62552578E-01  5.36993276E-05  1.79800198E-05
2.62984916E-01  3.37921794E-05  1.55700595E-05
2.63417253E-01  5.37985864E-05  1.79557110E-05
2.63787829E-01  3.81639549E-05  1.79602224E-05
2.64220167E-01  5.98211324E-05  1.55394364E-05
2.64652504E-01  1.82248861E-05  1.79413018E-05
2.65023080E-01  2.14979598E-05  1.79079868E-05
2.65455417E-01  4.02661963E-05  1.55113487E-05
2.65887755E-01  1.49423249E-05  1.78756616E-05
2.66258330E-01  4.76316722E-05  1.78990828E-05
2.66690668E-01  6.45772050E-05  1.54768313E-05
2.67123006E-01  2.76450776E-05  1.78665362E-05
2.67493581E-01  3.97039653E-05  1.78519954E-05
2.67925919E-01  4.42833328E-05  1.54536634E-05
2.68358257E-01  1.83300248E-05  1.78416457E-05
2.68728832E-01  5.70082399E-05  1.78022339E-05
2.69161170E-01  4.70683851E-05  1.54112209E-05
2.69593508E-01  1.23272602E-05  1.77746915E-05
2.69964083E-01  2.81906106E-05  1.77853112E-05
2.70396421E-01  2.56148037E-05  1.53981475E-05
2.70828759E-01  3.42149730E-05  1.77486112E-05
2.71261097E-01  3.05112030E-05  1.53796369E-05
2.71693434E-01  5.31823648E-05  1.77410790E-05
2.72064010E-01  3.83259232E-05  1.77143960E-05
2.72496348E-01  4.42189356E-05  1.53561449E-05
2.72928685E-01  4.50688941E-05  1.77009618E-05
2.73361023E-01  5.80113210E-05  1.53291238E-05
2.73793361E-01  4.05707191E-05  1.76820663E-05
2.74163936E-01  4.19284051E-05  1.76914414E-05
2.74596274E-01  6.65946105E-05  1.53034064E-05
2.75028612E-01  5.18802452E-05  1.76484867E-05
2.75460950E-01  3.94182512E-05  1.52867795E-05
2.75893287E-01  3.32150321E-05  1.76005776E-05
2.76325625E-01  3.91336171E-05  1.52500641E-05
2.76757963E-01  5.01064728E-05  1.76148797E-05
2.77190301E-01  4.92634965E-05  1.52360772E-05
2.77622639E-01  4.78205148E-05  1.75838573E-05
2.77993214E-01  2.29701516E-05  1.75928433E-05
2.78425552E-01  3.16675491E-05  1.52165636E-05
2.78857890E-01  5.91035273E-05  1.75682834E-05
2.79290227E-01  5.51314623E-05  1.51877594E-05
2.79722565E-01  5.94563695E-05  1.75464008E-05
2.80154903E-01  3.57019523E-05  1.51684213E-05
2.80587241E-01  2.79310443E-05  1.75426401E-05
2.81019579E-01  2.79637642E-05  1.51612484E-05
2.81451916E-01  4.24950998E-05  1.74810963E-05
2.81884254E-01  3.91938768E-05  1.51483192E-05
2.82316592E-01  5.71743324E-05  1.74855851E-05
2.82748930E-01  3.02004979E-05  1.51378484E-05
2.83243030E-01  4.18037251E-05  1.51159027E-05
2.83675368E-01  -7.52000104E-07  1.74440081E-05
2.84107706E-01  4.60831138E-05  1.51003116E-05
2.84540044E-01  2.86496869E-05  1.74397601E-05
2.84972382E-01  4.10696380E-05  1.50695551E-05
2.85404719E-01  2.30653764E-05  1.74303465E-05
2.85837057E-01  3.44514320E-05  1.50727624E-05
2.86269395E-01  5.16860122E-05  1.73858709E-05
2.86701733E-01  3.94242602E-05  1.50351517E-05
2.87195833E-01  4.50661764E-05  1.50526088E-05
2.87628171E-01  4.14856423E-05  1.73653440E-05
2.88060509E-01  -9.28371809E-06  1.50191770E-05
2.88492847E-01  4.13563102E-05  1.73415334E-05
2.88925184E-01  2.63825174E-05  1.49945541E-05
2.89419285E-01  4.82644778E-05  1.50037272E-05
2.89851623E-01  5.28464654E-05  1.73042140E-05
2.90283960E-01  4.72870584E-05  1.49823640E-05
2.90716298E-01  2.85548718E-05  1.72890577E-05
2.91148636E-01  2.53063122E-05  1.49731910E-05
2.91642736E-01  4.44773237E-05  1.49519644E-05
2.92075074E-01  5.98516678E-05  1.72584867E-05
2.92507412E-01  3.34816047E-05  1.49384369E-05
2.93001512E-01  3.00723041E-05  1.49291857E-05
2.93433850E-01  4.94286255E-05  1.72343567E-05
2.93866188E-01  2.33535096E-05  1.49018899E-05
2.94360288E-01  3.82980531E-05  1.48775159E-05
2.94792626E-01  3.46531211E-05  1.71733949E-05
2.95224964E-01  3.18312705E-05  1.48601465E-05
2.95719064E-01  4.16132115E-05  1.48519148E-05
2.96151402E-01  3.57564443E-05  1.71316215E-05
2.96583740E-01  5.31158223E-05  1.48497050E-05
2.97077840E-01  2.53433710E-05  1.48302837E-05
2.97571941E-01  4.60788583E-05  1.48285495E-05
2.98004278E-01  3.56182314E-05  1.71173171E-05
2.98436616E-01  4.21470054E-05  1.48326296E-05
2.98930717E-01  1.69435180E-05  1.48228004E-05
2.99424817E-01  3.27038937E-05  1.47986403E-05
2.99857155E-01  2.99732075E-05  1.71024921E-05
3.00289493E-01  2.90956203E-05  1.47859421E-05
3.00783593E-01  2.20789242E-05  1.49401300E-05
3.01277693E-01  4.74192414E-05  1.52416474E-05
3.01710031E-01  3.06056934E-05  1.77840816E-05
3.02142369E-01  3.03519667E-05  1.55146830E-05
3.02636469E-01  4.29447086E-05  1.56730741E-05
3.03130570E-01  3.17163598E-05  1.57694354E-05
3.03562908E-01  2.74308064E-05  1.83391403E-05
3.03995245E-01  3.65463108E-05  1.59605015E-05
3.04489346E-01  5.50489335E-05  1.60635139E-05
3.04983446E-01  2.87623384E-05  1.61494405E-05
3.05477546E-01  3.36028998E-05  1.62255271E-05
3.05909884E-01  4.35533581E-05  1.88403485E-05
3.06342222E-01  6.83212793E-05  1.63689913E-05
3.06836322E-01  5.34429945E-05  1.64648624E-05
3.07330423E-01  4.91453945E-05  1.65871188E-05
3.07824523E-01  5.04601384E-05  1.71144802E-05
3.08318623E-01  3.20252151E-05  1.75214195E-05
3.08812724E-01  6.71303966E-05  1.78714475E-05
3.09245062E-01  2.23496081E-06  2.08922826E-05
3.09677399E-01  2.88500207E-05  1.82418109E-05
3.10171500E-01  3.38095912E-05  1.84579689E-05
3.10665600E-01  1.00314711E-05  1.86914787E-05
3.11159701E-01  4.63146785E-05  1.88751348E-05
3.11653801E-01  2.99223498E-05  1.90966059E-05
3.12147901E-01  5.87184580E-05  1.93093139E-05
3.12642002E-01  2.05161264E-05  1.94756982E-05
3.13136102E-01  2.99138773E-05  1.96906739E-05
3.13568440E-01  2.79912356E-05  2.29146511E-05
3.14000778E-01  4.04638766E-05  2.00502813E-05
3.14494878E-01  6.28988575E-05  2.02359867E-05
3.14988978E-01  3.10568780E-05  2.04304416E-05
3.15483079E-01  2.77184379E-05  2.06464107E-05
3.15977179E-01  5.88843007E-05  2.08188822E-05
3.16471279E-01  3.30295659E-05  2.10245902E-05
3.16965380E-01  4.09926681E-05  2.12408259E-05
3.17459480E-01  2.77931521E-05  2.14038411E-05
3.17953580E-01  2.54602817E-05  2.15682027E-05
3.18447681E-01  1.38726083E-05  2.16865978E-05
3.18941781E-01  5.32032911E-05  2.17622856E-05
3.19435882E-01  3.41001668E-05  2.18797972E-05
3.19929982E-01  5.47781494E-05  2.19972542E-05
3.20424082E-01  3.00637803E-05  2.20885725E-05
3.20918183E-01  1.52398542E-06  2.22063868E-05
3.21412283E-01  2.36403212E-05  2.23086508E-05
3.21906383E-01  4.39812385E-05  2.23885986E-05
3.22400484E-01  2.30965467E-05  2.24902767E-05
3.22894584E-01  6.04177015E-05  2.25127968E-05
3.23388684E-01  -5.52624427E-06  2.25342399E-05
3.23882785E-01  4.49120205E-05  2.25807665E-05
3.24376885E-01  2.53073341E-05  2.26629472E-05
3.24870985E-01  3.62335155E-05  2.27461758E-05
3.25365086E-01  5.89601771E-05  2.28967070E-05
3.25859186E-01  8.30199809E-05  2.29508787E-05
3.26353287E-01  2.72165456E-05  2.30407479E-05
3.26847387E-01  1.54934329E-05  2.31757753E-05
3.27403250E-01  3.76797922E-05  2.08150490E-05
3.27959113E-01  5.02474667E-05  2.33366190E-05
3.28453213E-01  7.59376957E-05  2.34866152E-05
3.28947313E-01  2.08399400E-05  2.35982996E-05
3.29441414E-01  4.67237198E-05  2.36480411E-05
3.29935514E-01  1.95332089E-05  2.37894769E-05
3.30429614E-01  9.10537646E-06  2.38625122E-05
3.30923715E-01  1.95524424E-05  2.39835310E-05
3.31417815E-01  1.67009190E-05  2.40432650E-05
3.31973678E-01  3.87762436E-05  2.16048522E-05
3.32529541E-01  3.43778369E-05  2.42854185E-05
3.33023641E-01  6.26215237E-05  2.43947437E-05
3.33517742E-01  2.07285526E-05  2.44832334E-05
3.34011842E-01  4.26105039E-05  2.45516150E-05
3.34505942E-01  3.87838317E-05  2.47075293E-05
3.35061805E-01  4.12146269E-05  2.21935408E-05
3.35617668E-01  -1.40497747E-05  2.48690680E-05
3.36111769E-01  4.34006136E-06  2.50124544E-05
3.36605869E-01  1.22345634E-05  2.50828677E-05
3.37099969E-01  2.11675538E-05  2.52229749E-05
3.37655832E-01  5.71027449E-05  2.26539398E-05
3.38211695E-01  4.74091497E-05  2.54758480E-05
3.38705795E-01  4.71973972E-06  2.54894464E-05
3.39199896E-01  4.40171288E-05  2.57147226E-05
3.39755759E-01  1.48005497E-05  2.30320090E-05
3.40311622E-01  5.57258386E-05  2.58707061E-05
3.40805722E-01  6.49604761E-06  2.59916093E-05
3.41299822E-01  -1.90883720E-05  2.61340009E-05
3.41855685E-01  3.01163136E-05  2.34422495E-05
3.42411548E-01  6.11075955E-05  2.63003509E-05
3.42905649E-01  2.61262803E-05  2.64660741E-05
3.43399749E-01  5.69146011E-05  2.65998371E-05
3.43955612E-01  6.96167681E-05  2.38617023E-05
3.44511475E-01  3.70268335E-05  2.67880027E-05
3.45005575E-01  2.86162882E-05  2.69048222E-05
3.45561438E-01  3.14096294E-05  2.42013139E-05
3.46117301E-01  8.41460687E-06  2.71559079E-05
3.46611401E-01  3.38390552E-05  2.72818926E-05
3.47167264E-01  2.58470629E-05  2.45051944E-05
3.47723127E-01  6.74447519E-06  2.75152450E-05
3.48217227E-01  1.58130812E-06  2.76506713E-05
3.48773090E-01  3.43598529E-05  2.48224265E-05
3.49328953E-01  8.85413436E-05  2.78567661E-05
3.49823054E-01  4.08011306E-05  2.77590717E-05
3.50378916E-01  5.97065731E-05  2.48384417E-05
3.50934779E-01  3.08269175E-05  2.77652219E-05
3.51490642E-01  2.83350344E-05  2.48939806E-05
3.52046505E-01  2.39644514E-05  2.80116983E-05
3.52540606E-01  4.91448210E-05  2.80405567E-05
3.53096468E-01  1.12898849E-05  2.52484891E-05
3.53652331E-01  4.10527887E-05  2.83654143E-05
3.54208194E-01  1.40952355E-05  2.54596755E-05
3.54764057E-01  1.37755369E-05  2.86695754E-05
3.55319920E-01  2.82556506E-05  2.57368663E-05
3.55875783E-01  5.87543669E-05  2.88526727E-05
3.56369883E-01  5.01312446E-05  2.90150426E-05
3.56925746E-01  3.62380946E-05  2.60789402E-05
3.57481609E-01  3.46671926E-05  2.93709706E-05
3.58037472E-01  5.02687857E-05  2.63362700E-05
3.58593335E-01  3.98235311E-05  2.95356554E-05
3.59149198E-01  3.21104054E-05  2.66110098E-05
3.59705061E-01  3.42533771E-05  2.98500167E-05
3.60260924E-01  2.97889199E-05  2.68616761E-05
3.60816787E-01  2.68109042E-05  3.02128754E-05
3.61372649E-01  -1.40286851E-06  2.71276223E-05
3.61928512E-01  3.98526139E-05  3.05078942E-05
3.62484375E-01  -2.75078086E-06  2.74105316E-05
3.63040238E-01  3.68941289E-05  3.07785298E-05
3.63596101E-01  1.78860836E-05  2.76890683E-05
3.64151964E-01  5.00001418E-05  3.11120681E-05
3.64707827E-01  1.72469620E-05  2.79671855E-05
3.65325452E-01  4.41534687E-05  2.81603577E-05
3.65881315E-01  3.23435927E-06  3.17113180E-05
3.66437178E-01  4.65116794E-05  2.84700896E-05
3.66993041E-01  4.20863328E-05  3.19317933E-05
3.67548904E-01  -6.34489079E-06  2.87546617E-05
3.68104767E-01  2.66184472E-05  3.22814447E-05
3.68660630E-01  -2.23866449E-05  2.90702962E-05
3.69278255E-01  1.15692165E-05  2.92428962E-05
3.69834118E-01  -4.61689814E-06  3.29220368E-05
3.70389981E-01  2.01900928E-05  2.95724398E-05
3.71007606E-01  7.25893236E-05  2.97653028E-05
3.71563469E-01  2.30361078E-05  3.35348998E-05
3.72119332E-01  1.40163645E-05  3.01131124E-05
3.72675195E-01  3.37087897E-05  3.38013720E-05
3.73231058E-01  2.88044129E-05  3.04614512E-05
3.73848683E-01  2.26835150E-05  3.06557401E-05
3.74404546E-01  3.44327277E-05  3.44199334E-05
3.74960409E-01  2.56119447E-05  3.10142211E-05
3.75578035E-01  -8.54519013E-06  3.12124114E-05
3.76195660E-01  3.23950637E-05  3.14643982E-05
3.76751523E-01  5.43577554E-06  3.54070510E-05
3.77307386E-01  2.41814893E-05  3.18434133E-05
3.77925011E-01  2.14775913E-05  3.20389578E-05
3.78480874E-01  1.07678437E-05  3.61507467E-05
3.79036737E-01  8.43139825E-05  3.24271335E-05
3.79654363E-01  6.30515291E-05  3.26967282E-05
3.80271988E-01  -3.05594727E-06  3.28923914E-05
3.80827851E-01  8.65647669E-06  3.71687653E-05
3.81383714E-01  3.48639774E-05  3.33792905E-05
3.82001339E-01  3.59219880E-05  3.36547033E-05
3.82618965E-01  4.90291096E-05  3.39204764E-05
3.83174828E-01  3.59112869E-05  3.80059137E-05
3.83730691E-01  1.40170220E-05  3.43982481E-05
3.84348316E-01  5.44227144E-05  3.46408995E-05
3.84965942E-01  2.56546726E-05  3.48941780E-05
3.85583567E-01  1.70893356E-05  3.51822800E-05
3.86201192E-01  6.05747883E-05  3.52021281E-05
3.86757055E-01  -8.25721970E-07  3.92400717E-05
3.87312918E-01  3.55842583E-05  3.53072642E-05
3.87930544E-01  6.57241502E-05  3.53490011E-05
3.88548169E-01  2.70258178E-05  3.53886162E-05
3.89165795E-01  4.53884398E-05  3.56664940E-05
3.89783420E-01  1.04918437E-05  3.59426504E-05
3.90339283E-01  5.14099090E-05  4.03223642E-05
3.90895146E-01  4.14569042E-05  3.64803231E-05
3.91512771E-01  -3.64256647E-05  3.67646265E-05
3.92130397E-01  3.23044363E-05  3.71602069E-05
3.92748022E-01  8.97588524E-05  3.74838347E-05
3.93365648E-01  3.98546407E-05  3.77947452E-05
3.93983273E-01  -5.81828687E-05  3.81383516E-05
3.94600898E-01  -2.75112483E-05  3.84683860E-05
3.95218524E-01  5.35622093E-05  3.87110868E-05
3.95836149E-01  -3.03130020E-05  3.91562746E-05
3.96453775E-01  -3.22431922E-06  3.95600777E-05
3.97071400E-01  2.85033735E-06  3.99799085E-05
3.97689026E-01  7.42852294E-05  4.03763460E-05
3.98306651E-01  9.59803502E-05  4.08319253E-05
3.98924277E-01  5.20945138E-05  4.12448662E-05
3.99541902E-01  2.56338432E-05  4.17023129E-05
4.00159528E-01  1.62449228E-06  4.21570413E-05
4.00777153E-01  1.57744260E-05  4.26064508E-05
4.01394778E-01  4.21437747E-05  4.31085503E-05
4.02012404E-01  9.51339782E-06  4.36180222E-05
4.02630029E-01  2.73959000E-05  4.41433768E-05
4.03247655E-01  1.31072105E-05  4.46452810E-05
4.03865280E-01  -1.17102927E-05  4.52012252E-05
4.04482906E-01  3.81581738E-05  4.58366145E-05
4.05100531E-01  -2.93763153E-05  4.61503210E-05
4.05718157E-01  -3.07095895E-05  4.68885789E-05
4.06335782E-01  -1.80848047E-06  4.74844943E-05
4.06953407E-01  7.22100591E-06  4.82075351E-05
4.07571033E-01  4.20511604E-05  4.89121380E-05
4.08188658E-01  7.73636615E-05  4.96297841E-05
4.08806284E-01  4.23212698E-05  5.04500384E-05
4.09423909E-01  4.26080767E-05  5.11645302E-05
4.10103297E-01  3.58292460E-05  4.78221929E-05
4.10782685E-01  -1.55401457E-05  5.28136751E-05
4.11400311E-01  3.58823390E-05  5.37751678E-05
4.12017936E-01  -4.34650543E-05  5.47806068E-05
4.12635562E-01  5.62980041E-05  5.58079465E-05
4.13253187E-01  5.72881432E-05  5.68740598E-05
4.13870812E-01  3.77020404E-05  5.79610556E-05
4.14550200E-01  -2.99727229E-05  5.43820721E-05
4.15229588E-01  -5.83105771E-05  6.07242819E-05
4.15847214E-01  3.60593212E-05  6.20536955E-05
4.16464839E-01  1.86860810E-05  6.32051580E-05
4.17082465E-01  -3.94644473E-05  6.45703800E-05


### HEADER:
#
#{
#    "analysis": {
#        "GNOM": {
#            "Alpha": 1.309,
#            "Dmax": "98",
#            "GNOM_ChiSquared": 0.7807124438651004,
#            "GNOM_Quality_Assessment": "a REASONABLE solution",
#            "Real_Space_I0": 0.001841,
#            "Real_Space_I0_Err": 7.87e-06,
#            "Real_Space_Rg": 26.09,
#            "Real_Space_Rg_Err": 0.253,
#            "Total_Estimate": 0.7325,
#            "qEnd": 0.41708246479348154,
#            "qStart": 0.002902839603923239
#        },
#        "guinier": {
#            "I0": "0.001831388429559611",
#            "I0_autorg_err": -1,
#            "I0_err": 7.0348853305419835e-06,
#            "I0_est_err": 2.0988399939614055e-06,
#            "I0_fit_err": 7.0348853305419835e-06,
#            "Rg": "24.848359125208408",
#            "Rg_autorg_err": -1,
#            "Rg_err": 0.17101751606460094,
#            "Rg_est_err": 0.09449379096001644,
#            "Rg_fit_err": 0.17101751606460094,
#            "nEnd": 399,
#            "nStart": 0,
#            "qEnd": "0.05219",
#            "qRg_max": "1.2968197194081321",
#            "qRg_min": "0.07213080096116238",
#            "qStart": "0.0029",
#            "rsq": "0.9047131606855692"
#        },
#        "molecularWeight": {
#            "Absolute": {
#                "Density_buffer": "3.34e+23",
#                "Density_dry_protein": "3.22e+23",
#                "MW": "",
#                "Partial_specific_volume": "0.7425"
#            },
#            "DatmwBayes": {
#                "ConfidenceIntervalLower": "14.5",
#                "ConfidenceIntervalProbability": "94.3997",
#                "ConfidenceIntervalUpper": "16.45",
#                "MW": "14.825",
#                "MWProbability": "39.3085"
#            },
#            "I(0)Concentration": {
#                "MW": ""
#            },
#            "PorodVolume": {
#                "Cutoff": "Default",
#                "Density": "0.00083",
#                "MW": "16.14046639713964",
#                "Q_max": "0.32190638331165794",
#                "VPorod": "36284.76770206875",
#                "VPorod_Corrected": "19446.345056794748"
#            },
#            "ShapeAndSize": {
#                "Dmax": "82.66",
#                "MW": "21.858",
#                "Shape": "flat"
#            },
#            "VolumeOfCorrelation": {
#                "Cutoff": "Manual",
#                "MW": "16.571008364536443",
#                "Q_max": "0.3",
#                "Type": "Protein",
#                "Vcor": "225.13983958082022"
#            }
#        }
#    },
#    "calibration_params": {
#        "Beam_Center_X": 2485.947824803951,
#        "Beam_Center_Y": 832.772394330027,
#        "Detector Tilt": 2.5221666988024696,
#        "Detector Tilt Plane Rotation": -77.43956101516139,
#        "Detector_X_Pixel_Size": 75.0,
#        "Detector_Y_Pixel_Size": 75.0,
#        "Integration Method": "nosplit_csr_ocl",
#        "Radial_Average_Method": "pyFAI",
#        "Sample-to-detector distance (mm)": 3685.431263756,
#        "Wavelength (A)": 1.03320164497
#    },
#    "config_file": null,
#    "counters": {
#        "Attenuator,_16_foil": "Out",
#        "Attenuator,_1_foil": "Out",
#        "Attenuator,_2_foil": "Out",
#        "Attenuator,_32_foil": "Out",
#        "Attenuator,_4_foil": "Out",
#        "Attenuator,_8_foil": "Out",
#        "Buffer": "20 mM HEPES, 150 mM NaCl, 2 mM DTT, pH 7.0",
#        "Coflow_on": "True",
#        "Collimator_vacuum_mtorr": "6.2",
#        "Column": "Superdex 75 10/300 Increase",
#        "Concentration_mg/ml": "2.6",
#        "D_hutch_shutter_open": "True",
#        "Date": "2022-11-19 18:17:50.763820",
#        "Experiment_type": "SEC-SAXS",
#        "Exposure time/frame (s)": "0.5",
#        "Exposure_period/frame_s": "1.0",
#        "File_prefix": "TM05_026",
#        "Flight_tube_vacuum_mtorr": "8.1",
#        "Flow rate (ml/min)": "0.6",
#        "Front_end_shutter_open": "True",
#        "Guard_slit_vacuum_mtorr": "7.2",
#        "I0_gain": "1e+05",
#        "I1_gain": "1e+06",
#        "I2_gain": "1e+03",
#        "I3_gain": "1e+05",
#        "Instrument": "BioCAT (Sector 18, APS)",
#        "Loaded_volume_uL": "250",
#        "Nominal_Transmission_12_keV": "1.0",
#        "Notes": "Using a mismatched sheath of 20 mM Na Phosphate, 150 mM NaCl.\n\nTube labeled 6",
#        "Number_of_frames": "3000",
#        "Number_of_images_per_file": "100",
#        "Number_of_triggers": "1",
#        "Outlet_flow_rate_mL/min": "0.8571428571428572",
#        "Sample": "5 - V13",
#        "Sample_vacuum_mtorr": "8.0",
#        "Save_directory": "/nas_data/Eiger2x/2022_Run3/20221119_Mittag/TM05",
#        "Sheath_excess_ratio": "1.5",
#        "Sheath_inlet_flow_rate_including_excess_mL/min": "0.8999999999999999",
#        "Sheath_ratio": "0.3",
#        "Sheath_valve_position": "1",
#        "Temperature_C": "25",
#        "UV_integration_time": "None",
#        "UV_scans_averaged_per_spectrum": "None",
#        "Wait_for_trigger": "True"
#    },
#    "filename": "S_A_TM05_026.dat",
#    "imageHeader": {
#        "htype": "dconfig-1.0",
#        "series": 1663
#    },
#    "load_path": "",
#    "metadata": {
#        "Detector": "Eiger2 XE 9M"
#    },
#    "normalizations": {
#        "Absolute_scale": {
#            "Absolute_scale_factor": 85193.56174099886,
#            "Ignore_background": true,
#            "Method": "Glassy_carbon"
#        },
#        "Counter_norms": [
#            [
#                "/",
#                "I0"
#            ]
#        ],
#        "Polarization": {
#            "Used": false
#        },
#        "Solid_Angle_Correction": "On"
#    },
#    "raw_version": "2.1.4"
#}

