### DATA:
#
# 1696
#      Q             I(Q)           Error     
2.90283960E-03  1.16064264E-03  1.57481254E-03
3.02636469E-03  1.11773549E-03  3.99444423E-04
3.14988978E-03  1.93397452E-03  4.20049070E-04
3.27341487E-03  2.26708008E-03  4.98530288E-04
3.39693996E-03  1.34544973E-03  3.59686586E-03
3.52046505E-03  1.05444004E-03  2.31830840E-02
3.64399014E-03  1.60625085E-03  2.55066837E-04
3.76751523E-03  1.03727131E-03  2.08847462E-02
3.89104032E-03  1.84009691E-03  2.74559770E-04
4.01456541E-03  1.79327759E-03  6.99707140E-04
4.13809050E-03  2.07663702E-03  2.26880403E-04
4.26161559E-03  1.54971625E-03  6.41384519E-04
4.38514068E-03  1.30071452E-03  3.71557991E-04
4.50866577E-03  1.60505517E-03  2.45119001E-04
4.63219086E-03  2.27204810E-03  2.95298667E-04
4.75571595E-03  1.39975701E-03  7.24382956E-04
4.87924104E-03  1.82838326E-03  4.69170384E-04
5.00276613E-03  1.21369600E-03  2.02837755E-04
5.12629122E-03  1.74239120E-03  1.97813077E-04
5.24981630E-03  1.60478964E-03  1.35551377E-03
5.37334139E-03  1.82556286E-03  1.96281633E-04
5.49686648E-03  1.98559070E-03  2.73813829E-04
5.62039157E-03  1.48078753E-03  1.43652401E-03
5.74391666E-03  1.39338251E-03  3.23784014E-04
5.86744175E-03  1.66782469E-03  3.61823980E-04
5.99096684E-03  1.69472516E-03  1.81737741E-04
6.11449193E-03  1.86544530E-03  1.61430221E-04
6.23801702E-03  1.93649514E-03  3.72808745E-04
6.36154211E-03  1.90879067E-03  1.66722494E-04
6.48506720E-03  1.89017628E-03  4.64399305E-04
6.60859229E-03  1.36776426E-03  1.59833873E-04
6.73211738E-03  1.64024558E-03  1.91389153E-04
6.85564247E-03  1.40143620E-03  3.00819477E-04
6.97916756E-03  1.66955102E-03  2.19521246E-04
7.10269265E-03  1.58354662E-03  1.46344851E-04
7.22621774E-03  1.68787570E-03  1.18399263E-04
7.34974283E-03  1.94616465E-03  1.24054441E-04
7.47326792E-03  1.53644642E-03  1.19114923E-04
7.59679301E-03  1.72596552E-03  1.26252829E-04
7.72031810E-03  1.75203773E-03  1.18927993E-04
7.84384319E-03  1.87070932E-03  1.25493028E-04
7.96736827E-03  1.79106132E-03  1.57070502E-04
8.09089336E-03  1.91828076E-03  2.23152550E-04
8.21441845E-03  1.52413788E-03  2.72337110E-03
8.33794354E-03  1.40896840E-03  1.00010542E-04
8.46146863E-03  1.50964972E-03  1.00517414E-04
8.58499372E-03  1.34669414E-03  7.19301716E-04
8.70851881E-03  1.65457128E-03  1.03995066E-04
8.83204390E-03  1.67083790E-03  1.20517915E-04
8.95556899E-03  1.69451227E-03  1.09855205E-04
9.07909408E-03  1.57607477E-03  1.20645722E-04
9.20261917E-03  1.60862738E-03  1.79387762E-04
9.32614426E-03  1.78144298E-03  1.23856067E-04
9.44966935E-03  1.59099113E-03  1.21706834E-04
9.57319444E-03  1.86851747E-03  1.28821893E-04
9.69671953E-03  1.82146510E-03  1.17106362E-04
9.82024462E-03  1.60323602E-03  9.85775276E-05
9.94376971E-03  1.80764288E-03  1.09310605E-04
1.00672948E-02  1.60312750E-03  1.12260635E-04
1.01908199E-02  1.64394001E-03  1.37374108E-04
1.03143450E-02  1.70545785E-03  1.02811604E-04
1.04378701E-02  1.86491497E-03  1.17319955E-04
1.05613952E-02  1.68334575E-03  2.58149330E-04
1.06849202E-02  1.92166659E-03  1.20558172E-04
1.08084453E-02  1.52451535E-03  1.61422619E-04
1.09319704E-02  1.51960901E-03  9.86580486E-05
1.10554955E-02  1.46792708E-03  8.84790328E-05
1.11790206E-02  1.60428191E-03  1.03531052E-04
1.13025457E-02  1.60929264E-03  9.79191407E-05
1.14260708E-02  1.71218185E-03  9.73643842E-05
1.15495959E-02  1.65710882E-03  8.65943430E-04
1.16731210E-02  1.82732303E-03  1.01889548E-04
1.17966460E-02  1.46442535E-03  8.87816139E-05
1.19201711E-02  1.70976854E-03  1.00078641E-04
1.20436962E-02  1.71435813E-03  1.06304991E-04
1.21672213E-02  1.53170151E-03  8.59530680E-05
1.22907464E-02  1.81573346E-03  9.99960975E-05
1.24142715E-02  1.71690680E-03  9.45908445E-05
1.25377966E-02  1.62550105E-03  1.05101412E-04
1.26613217E-02  1.97556213E-03  1.03532510E-04
1.27848468E-02  1.84402481E-03  9.68123921E-05
1.29083719E-02  1.73485027E-03  1.01370191E-04
1.30318969E-02  1.55354434E-03  8.24650566E-05
1.31554220E-02  1.76413087E-03  9.71998335E-05
1.32789471E-02  1.59066359E-03  9.30936851E-05
1.34024722E-02  1.78817213E-03  9.61924595E-05
1.35259973E-02  1.34156788E-03  2.98515158E-04
1.36495224E-02  1.62170088E-03  9.74302835E-05
1.37730475E-02  1.73853141E-03  1.02010249E-04
1.38965726E-02  1.54615549E-03  9.50324434E-05
1.40200977E-02  1.55176443E-03  8.73020307E-05
1.41436228E-02  1.65661695E-03  9.41979498E-05
1.42671478E-02  1.67157455E-03  8.96638297E-05
1.43906729E-02  1.52274384E-03  8.86616138E-05
1.45141980E-02  1.68595393E-03  1.18741695E-04
1.46377231E-02  1.52451421E-03  9.57874183E-05
1.47612482E-02  1.56015063E-03  8.47113831E-05
1.48847733E-02  1.55809546E-03  8.40418517E-05
1.50082984E-02  1.68659804E-03  9.42665781E-05
1.51318235E-02  1.53029755E-03  8.42907183E-05
1.52553486E-02  1.66561151E-03  3.57772876E-04
1.53788736E-02  1.68474455E-03  9.30902978E-05
1.55023987E-02  1.69744130E-03  8.96044959E-05
1.56259238E-02  1.63980758E-03  8.95245655E-05
1.57494489E-02  1.67976902E-03  9.22203473E-05
1.58729740E-02  1.74801678E-03  8.83865708E-05
1.59964991E-02  1.87377447E-03  9.31575024E-05
1.61200242E-02  1.73407936E-03  9.19086193E-05
1.62435493E-02  1.60751873E-03  8.20125602E-05
1.63670744E-02  1.85680333E-03  9.38978095E-05
1.64905995E-02  1.57497324E-03  8.35788406E-05
1.66141245E-02  1.47014231E-03  7.40736034E-05
1.67376496E-02  1.65238806E-03  7.94130283E-05
1.68611747E-02  1.83398795E-03  8.55875350E-05
1.69846998E-02  1.68093356E-03  7.93890199E-05
1.71082249E-02  1.57921071E-03  8.51949251E-05
1.72317500E-02  1.52122829E-03  8.10471167E-05
1.73552751E-02  1.57535360E-03  9.35565247E-05
1.74788002E-02  1.62179631E-03  8.44980137E-05
1.76023253E-02  1.63720802E-03  7.58930590E-05
1.77258503E-02  1.63627745E-03  8.33458248E-05
1.78493754E-02  1.65670470E-03  8.17058252E-05
1.79729005E-02  1.70503751E-03  8.13632460E-05
1.80964256E-02  1.53279926E-03  8.09588006E-05
1.82199507E-02  1.69422552E-03  8.07847867E-05
1.83434758E-02  1.68250379E-03  7.92151590E-05
1.84670009E-02  1.83344805E-03  8.94022632E-05
1.85905260E-02  1.55596239E-03  8.08578554E-05
1.87140511E-02  1.62309649E-03  8.50809205E-05
1.88375762E-02  1.75791489E-03  8.30339782E-05
1.89611012E-02  1.59569315E-03  7.75376125E-05
1.90846263E-02  1.62744598E-03  7.98152754E-05
1.92081514E-02  1.59878303E-03  8.07423352E-05
1.93316765E-02  1.62968446E-03  8.48050309E-05
1.94552016E-02  1.69081323E-03  7.59648055E-05
1.95787267E-02  1.67200257E-03  8.11618196E-05
1.97022518E-02  1.68572634E-03  7.88055739E-05
1.98257769E-02  1.80384130E-03  8.35264431E-05
1.99493020E-02  1.83094449E-03  8.22887810E-05
2.00728270E-02  1.71856866E-03  8.00862668E-05
2.01963521E-02  1.71426895E-03  7.76831121E-05
2.03198772E-02  1.66829346E-03  7.67364999E-05
2.04434023E-02  1.64649392E-03  7.89946585E-05
2.05669274E-02  1.65093957E-03  7.71434164E-05
2.06904525E-02  1.43057897E-03  7.68438682E-05
2.08139776E-02  1.60368167E-03  7.38868124E-05
2.09375027E-02  1.62806917E-03  7.69381009E-05
2.10610278E-02  1.80939298E-03  7.57852753E-05
2.11845529E-02  1.66930556E-03  8.01067326E-05
2.13080779E-02  1.62072989E-03  7.57779991E-05
2.14316030E-02  1.54414088E-03  7.81515965E-05
2.15551281E-02  1.63968662E-03  1.77971966E-03
2.16786532E-02  1.59031289E-03  7.51374671E-05
2.18021783E-02  1.60960198E-03  8.16567288E-05
2.19257034E-02  1.66769960E-03  7.51653324E-05
2.20492285E-02  1.69074449E-03  7.95049860E-05
2.21727536E-02  1.76965787E-03  7.74862517E-05
2.22962787E-02  1.62201295E-03  7.55988059E-05
2.24198037E-02  1.51630089E-03  7.01809677E-05
2.25433288E-02  1.60879175E-03  7.47818826E-05
2.26668539E-02  1.65590348E-03  7.31575294E-05
2.27903790E-02  1.69261836E-03  7.64849918E-05
2.29139041E-02  1.68075474E-03  7.45076499E-05
2.30374292E-02  1.66815120E-03  7.22917737E-05
2.31609543E-02  1.56502260E-03  7.57719819E-05
2.32844794E-02  1.58425790E-03  7.07739987E-05
2.34080045E-02  1.65212606E-03  7.53815914E-05
2.35315296E-02  1.61598576E-03  7.27336777E-05
2.36550546E-02  1.60527670E-03  7.21267685E-05
2.37785797E-02  1.65088102E-03  6.95192090E-05
2.39021048E-02  1.57424395E-03  6.90983008E-05
2.40256299E-02  1.65550528E-03  7.45453211E-05
2.41491550E-02  1.76125488E-03  7.70590362E-05
2.42726801E-02  1.52599397E-03  7.60778078E-05
2.43962052E-02  1.49529193E-03  6.86893218E-05
2.45197303E-02  1.67053769E-03  7.24625237E-05
2.46432554E-02  1.64074094E-03  7.51224315E-05
2.47667805E-02  1.67922853E-03  7.64072378E-05
2.48903055E-02  1.47630000E-03  6.70170131E-05
2.50138306E-02  1.56324127E-03  6.91006651E-05
2.51373557E-02  1.56806170E-03  6.98165266E-05
2.52608808E-02  1.61006878E-03  7.21912930E-05
2.53844059E-02  1.50326232E-03  6.64743139E-05
2.55079310E-02  1.56423625E-03  7.10780479E-05
2.56314561E-02  1.49190392E-03  7.23597287E-05
2.57549812E-02  1.58703943E-03  7.19450170E-05
2.58785063E-02  1.69067367E-03  7.22664454E-05
2.60020313E-02  1.66403105E-03  7.28359723E-05
2.61255564E-02  1.52993192E-03  6.82513592E-05
2.62490815E-02  1.66684575E-03  6.72722591E-05
2.63726066E-02  1.69853364E-03  7.04597733E-05
2.64961317E-02  1.67186508E-03  7.25234722E-05
2.66196568E-02  1.58448066E-03  6.42248034E-05
2.67431819E-02  1.66568093E-03  6.62027027E-05
2.68667070E-02  1.68939812E-03  6.96591230E-05
2.69902321E-02  1.52525478E-03  6.68092743E-05
2.71137572E-02  1.60584216E-03  6.62463515E-05
2.72372822E-02  1.56916799E-03  6.82361909E-05
2.73608073E-02  1.55030276E-03  6.63599704E-05
2.74843324E-02  1.55939506E-03  6.78275458E-05
2.76078575E-02  1.51794799E-03  6.79719997E-05
2.77313826E-02  1.65898277E-03  6.74310424E-05
2.78549077E-02  1.57495780E-03  6.31668354E-05
2.79784328E-02  1.56070037E-03  7.57862137E-05
2.81019579E-02  1.58152673E-03  6.42015614E-05
2.82254830E-02  1.57584580E-03  6.93864402E-05
2.83490080E-02  1.58971361E-03  6.69392489E-05
2.84725331E-02  1.51787607E-03  7.15939310E-05
2.85960582E-02  1.53456921E-03  7.22528126E-05
2.87195833E-02  1.58375362E-03  7.19351872E-05
2.88431084E-02  1.51037373E-03  6.91439910E-05
2.89666335E-02  1.51780421E-03  6.74959345E-05
2.90901586E-02  1.49560069E-03  6.35133797E-05
2.92136837E-02  1.61537219E-03  6.74441717E-05
2.93372088E-02  1.55051067E-03  6.85710296E-05
2.94607339E-02  1.57832493E-03  6.89815993E-05
2.95842589E-02  1.40821923E-03  6.99667691E-05
2.97077840E-02  1.52821026E-03  6.97624680E-05
2.98313091E-02  1.46627307E-03  6.84535492E-05
2.99548342E-02  1.68430502E-03  7.30866564E-05
3.00783593E-02  1.66815126E-03  7.26906481E-05
3.02018844E-02  1.57895443E-03  6.20414208E-05
3.03254095E-02  1.60158704E-03  7.51053560E-05
3.04489346E-02  1.44719369E-03  6.56874502E-05
3.05724597E-02  1.53675321E-03  6.74636118E-05
3.06959847E-02  1.38705637E-03  6.87368995E-05
3.08195098E-02  1.37516952E-03  6.85719719E-05
3.09430349E-02  1.48844044E-03  7.02766906E-05
3.10665600E-02  1.56986083E-03  6.96835051E-05
3.11900851E-02  1.39542784E-03  6.48643856E-05
3.13136102E-02  1.41896457E-03  6.27257951E-05
3.14371353E-02  1.53959142E-03  7.04165723E-05
3.15606604E-02  1.57427223E-03  8.49572770E-05
3.16841855E-02  1.65839540E-03  7.45087189E-05
3.18077106E-02  1.39484996E-03  6.86440972E-05
3.19312356E-02  1.57697676E-03  6.78918944E-05
3.20547607E-02  1.34973413E-03  5.99882029E-05
3.21782858E-02  1.48185573E-03  6.93666842E-05
3.23018109E-02  1.48138993E-03  6.85595165E-05
3.24253360E-02  1.48074740E-03  6.35911742E-05
3.25488611E-02  1.51846095E-03  7.01768891E-05
3.26723862E-02  1.53819606E-03  6.84282920E-05
3.27959113E-02  1.41605922E-03  6.62520018E-05
3.29194364E-02  1.44798777E-03  6.85816085E-05
3.30429614E-02  1.50591167E-03  6.73098411E-05
3.31664865E-02  1.50568185E-03  6.81048611E-05
3.32900116E-02  1.48501442E-03  6.77702574E-05
3.34135367E-02  1.44318341E-03  6.09646286E-05
3.35370618E-02  1.44000433E-03  6.21750620E-05
3.36605869E-02  1.43593425E-03  6.26047120E-05
3.37841120E-02  1.41898440E-03  6.68314404E-05
3.39076371E-02  1.52468589E-03  6.59376952E-05
3.40311622E-02  1.47307931E-03  6.64065396E-05
3.41546873E-02  1.49440905E-03  6.46463210E-05
3.42782123E-02  1.44164543E-03  6.41191536E-05
3.44017374E-02  1.40832156E-03  6.64571043E-05
3.45252625E-02  1.45080177E-03  6.47400239E-05
3.46487876E-02  1.35344808E-03  6.14537347E-05
3.47723127E-02  1.40173540E-03  6.98638570E-05
3.48958378E-02  1.44607093E-03  6.99045718E-05
3.50193629E-02  1.43485402E-03  6.58480780E-05
3.51428880E-02  1.49542035E-03  6.51360238E-05
3.52664131E-02  1.34505450E-03  6.23050888E-05
3.53899381E-02  1.61065943E-03  6.69530723E-05
3.55134632E-02  1.38861059E-03  6.67190911E-05
3.56369883E-02  1.44041429E-03  6.11943601E-05
3.57605134E-02  1.45120683E-03  6.80308391E-05
3.58840385E-02  1.37033529E-03  6.44803332E-05
3.60075636E-02  1.46576017E-03  6.48953487E-05
3.61310887E-02  1.37472849E-03  6.32551347E-05
3.62546138E-02  1.27573630E-03  6.35032205E-05
3.63781389E-02  1.43986395E-03  6.47181346E-05
3.65016640E-02  1.46374342E-03  6.86388999E-05
3.66251890E-02  1.29551631E-03  6.33523976E-05
3.67487141E-02  1.41735125E-03  6.74131060E-05
3.68722392E-02  1.35572309E-03  6.37499759E-05
3.69957643E-02  1.39026048E-03  6.41033341E-05
3.71192894E-02  1.41880230E-03  6.45246114E-05
3.72428145E-02  1.30284921E-03  6.17502728E-05
3.73663396E-02  1.28016571E-03  6.48743872E-05
3.74898647E-02  1.34717819E-03  6.71198388E-05
3.76133898E-02  1.38775756E-03  6.33385967E-05
3.77369149E-02  1.38209233E-03  6.29982242E-05
3.78604399E-02  1.31939529E-03  6.26744824E-05
3.79839650E-02  1.39611441E-03  6.62082937E-05
3.81074901E-02  1.42198682E-03  8.19629050E-05
3.82310152E-02  1.36054371E-03  6.53315677E-05
3.83545403E-02  1.44241780E-03  6.60914753E-05
3.84780654E-02  1.33645697E-03  7.01881736E-05
3.86015905E-02  1.30052362E-03  5.97115603E-05
3.87251156E-02  1.38092859E-03  6.92142144E-05
3.88486407E-02  1.38160869E-03  6.54211273E-05
3.89721657E-02  1.34121247E-03  6.25042163E-05
3.90956908E-02  1.39162773E-03  6.90358600E-05
3.92192159E-02  1.38458153E-03  6.67132448E-05
3.93427410E-02  1.38436563E-03  6.50838320E-05
3.94662661E-02  1.33730950E-03  6.42230490E-05
3.95897912E-02  1.36660152E-03  6.54247675E-05
3.97133163E-02  1.36770579E-03  6.88809219E-05
3.98368414E-02  1.27716943E-03  6.07680819E-05
3.99603665E-02  1.25175870E-03  6.38980646E-05
4.00838916E-02  1.21700170E-03  5.64063972E-05
4.02074166E-02  1.32657743E-03  6.67808981E-05
4.03309417E-02  1.37437903E-03  6.60765750E-05
4.04544668E-02  1.40126512E-03  6.08584125E-05
4.05779919E-02  1.29357393E-03  5.97167448E-05
4.07015170E-02  1.39890583E-03  6.45432879E-05
4.08250421E-02  1.22966563E-03  5.71478486E-05
4.09485672E-02  1.34104263E-03  6.17720941E-05
4.10720923E-02  1.42188988E-03  6.17282115E-05
4.11956174E-02  1.24529926E-03  5.61641525E-05
4.13191424E-02  1.16742377E-03  5.28688953E-05
4.14426675E-02  1.22286892E-03  5.70444809E-05
4.15661926E-02  1.31368707E-03  6.09451379E-05
4.16897177E-02  1.24592428E-03  5.89731266E-05
4.18132428E-02  1.24876920E-03  5.53785667E-05
4.19367679E-02  1.31435969E-03  6.00276564E-05
4.20602930E-02  1.35580252E-03  6.59756947E-05
4.21838181E-02  1.19878506E-03  5.72750884E-05
4.23073432E-02  1.17869205E-03  5.86238502E-05
4.24308683E-02  1.36360467E-03  6.21488223E-05
4.25543933E-02  1.17729937E-03  5.54140682E-05
4.26779184E-02  1.26708313E-03  5.86650262E-05
4.28014435E-02  1.24852189E-03  5.60851286E-05
4.29249686E-02  1.25674986E-03  5.48098224E-05
4.30484937E-02  1.24971922E-03  5.54305989E-05
4.31720188E-02  1.14179534E-03  5.44702763E-05
4.32955439E-02  1.24679648E-03  6.10705896E-05
4.34190690E-02  1.21561355E-03  5.65316909E-05
4.35425941E-02  1.29181652E-03  6.26483910E-05
4.36661191E-02  1.22922271E-03  5.86800459E-05
4.37896442E-02  1.27463205E-03  5.88621466E-05
4.39131693E-02  1.23342215E-03  6.00426317E-05
4.40366944E-02  1.15740641E-03  5.47076602E-05
4.41602195E-02  1.10233439E-03  5.66344616E-05
4.42837446E-02  1.20643089E-03  5.26062067E-05
4.44072697E-02  1.21112358E-03  5.65026391E-05
4.45307948E-02  1.17070614E-03  5.68496913E-05
4.46543199E-02  1.17479509E-03  5.63606482E-05
4.47778450E-02  1.26235053E-03  5.61066652E-05
4.49013700E-02  1.16930452E-03  5.76571233E-05
4.50248951E-02  1.20845279E-03  5.39022222E-05
4.51484202E-02  1.28560141E-03  6.00367780E-05
4.52719453E-02  1.20859595E-03  5.76501285E-05
4.53954704E-02  1.21833378E-03  5.45642091E-05
4.55189955E-02  1.22207555E-03  5.52250381E-05
4.56425206E-02  1.15544310E-03  5.30621418E-05
4.57660457E-02  1.19704011E-03  5.86111193E-05
4.58895708E-02  1.17135165E-03  5.67705208E-05
4.60130958E-02  1.20665086E-03  5.36376074E-05
4.61366209E-02  1.15920775E-03  5.42219602E-05
4.62601460E-02  1.20130367E-03  5.35743795E-05
4.63836711E-02  1.19503877E-03  5.41902846E-05
4.65071962E-02  1.22341205E-03  6.06543755E-05
4.66307213E-02  1.26608121E-03  5.47966091E-05
4.67542464E-02  1.24022747E-03  5.39461480E-05
4.68777715E-02  1.09307624E-03  5.01031606E-05
4.70012966E-02  1.09896161E-03  5.02558292E-05
4.71248217E-02  1.11249664E-03  5.32872186E-05
4.72483467E-02  1.02933311E-03  4.81772038E-05
4.73718718E-02  1.21764582E-03  6.58314427E-05
4.74953969E-02  1.10718175E-03  5.12946898E-05
4.76189220E-02  1.12819251E-03  5.05168926E-05
4.77424471E-02  1.21004452E-03  5.18113604E-05
4.78659722E-02  1.17853408E-03  5.05508102E-05
4.79894973E-02  1.16436021E-03  5.32694275E-05
4.81130224E-02  1.09172206E-03  4.93824700E-05
4.82365475E-02  1.22495122E-03  5.51995421E-05
4.83600726E-02  1.19716239E-03  5.43002262E-05
4.84835976E-02  1.13498739E-03  5.10263173E-05
4.86071227E-02  1.07744330E-03  5.36712666E-05
4.87306478E-02  1.06728228E-03  4.90294496E-05
4.88541729E-02  1.19456681E-03  5.36853465E-05
4.89776980E-02  1.12570093E-03  5.12300378E-05
4.91012231E-02  1.16074460E-03  5.50845697E-05
4.92247482E-02  1.21409524E-03  5.41915911E-05
4.93482733E-02  1.09377009E-03  4.96501590E-05
4.94717984E-02  1.17357094E-03  5.53386088E-05
4.95953234E-02  1.14276004E-03  5.07408582E-05
4.97188485E-02  1.07346559E-03  4.92566256E-05
4.98423736E-02  1.09382418E-03  5.19658560E-05
4.99658987E-02  1.11483814E-03  5.41159528E-05
5.00894238E-02  1.12699129E-03  5.01286734E-05
5.02129489E-02  1.04781969E-03  4.94580167E-05
5.03364740E-02  1.10933254E-03  5.42273981E-05
5.04599991E-02  1.07295724E-03  5.04233616E-05
5.05835242E-02  1.19850101E-03  5.40536418E-05
5.07070493E-02  1.12034351E-03  5.36326782E-05
5.08305743E-02  1.14795871E-03  5.74261596E-05
5.09540994E-02  1.16888229E-03  5.37599300E-05
5.10776245E-02  1.02979706E-03  5.21688779E-05
5.12011496E-02  1.08648744E-03  5.13032703E-05
5.13246747E-02  9.33218847E-04  4.80399368E-05
5.14481998E-02  1.01211202E-03  5.03019928E-05
5.15717249E-02  1.00644497E-03  5.42436275E-05
5.16952500E-02  1.06648257E-03  4.94218870E-05
5.18187751E-02  1.01106165E-03  5.43325241E-05
5.19423001E-02  1.18094758E-03  5.19242537E-05
5.20658252E-02  1.14600618E-03  5.39839569E-05
5.21893503E-02  1.07747739E-03  1.57996219E-04
5.23128754E-02  1.12687160E-03  6.29043117E-05
5.24364005E-02  1.07361302E-03  5.27849071E-05
5.25599256E-02  1.05435250E-03  4.86181811E-05
5.26834507E-02  1.05263693E-03  5.74901180E-05
5.28069758E-02  1.03324139E-03  5.23089932E-05
5.29305009E-02  1.12103796E-03  5.29023872E-05
5.30540260E-02  1.11752320E-03  5.38712771E-05
5.31775510E-02  1.04167680E-03  4.96281237E-05
5.33010761E-02  1.11387556E-03  5.33550741E-05
5.34246012E-02  1.04101733E-03  5.14091460E-05
5.35481263E-02  9.78626347E-04  4.73167007E-05
5.36716514E-02  1.06507715E-03  5.25833032E-05
5.37951765E-02  1.05516063E-03  5.08786505E-05
5.39187016E-02  1.07240190E-03  5.21833902E-05
5.40422267E-02  1.01354690E-03  4.89946634E-05
5.41657518E-02  1.05547641E-03  5.11432173E-05
5.42892768E-02  1.10119557E-03  5.35641990E-05
5.44128019E-02  1.01992426E-03  4.58938722E-05
5.45363270E-02  1.06876903E-03  5.12087213E-05
5.46598521E-02  9.99612567E-04  4.76391823E-05
5.47833772E-02  9.93055684E-04  4.95727232E-05
5.49069023E-02  1.10589711E-03  5.13016762E-05
5.50304274E-02  1.11120740E-03  5.41151177E-05
5.51539525E-02  1.01968690E-03  5.18927462E-05
5.52774776E-02  1.01724572E-03  5.03260217E-05
5.54010027E-02  1.00014674E-03  4.47766926E-05
5.55245277E-02  1.08469028E-03  5.14473635E-05
5.56480528E-02  9.72325693E-04  4.69268708E-05
5.57715779E-02  1.08556355E-03  4.95216462E-05
5.58951030E-02  1.10354413E-03  5.19125887E-05
5.60186281E-02  9.86274198E-04  4.77829432E-05
5.61421532E-02  9.81740846E-04  5.29531361E-05
5.62656783E-02  9.29978068E-04  4.70537904E-05
5.63892034E-02  8.91934884E-04  4.88907418E-05
5.65127285E-02  1.01311911E-03  4.99969503E-05
5.66362535E-02  1.00809419E-03  4.70459828E-05
5.67597786E-02  9.53674109E-04  5.10131558E-05
5.68833037E-02  1.03871463E-03  5.88152401E-05
5.70068288E-02  9.00708357E-04  4.71930928E-05
5.71303539E-02  9.53617428E-04  4.79585566E-05
5.72538790E-02  9.15403698E-04  4.70530804E-05
5.73774041E-02  9.21210362E-04  5.38710843E-05
5.75009292E-02  9.29371930E-04  4.77571288E-05
5.76244543E-02  1.01557205E-03  4.99284974E-05
5.77479794E-02  9.30220983E-04  4.60833884E-05
5.78715044E-02  9.42978603E-04  5.05886369E-05
5.79950295E-02  8.97655016E-04  4.59065058E-05
5.81185546E-02  9.88447276E-04  4.96696024E-05
5.82420797E-02  9.17506257E-04  4.75886400E-05
5.83656048E-02  1.01740688E-03  4.90083634E-05
5.84891299E-02  8.25592179E-04  4.85308173E-05
5.86126550E-02  9.08098532E-04  4.73004456E-05
5.87361801E-02  1.04412366E-03  7.31414984E-05
5.88597052E-02  9.96658542E-04  5.15031872E-05
5.89832302E-02  9.43000187E-04  4.48429644E-05
5.91067553E-02  9.38444845E-04  4.88493756E-05
5.92302804E-02  9.27246104E-04  4.34257944E-05
5.93538055E-02  9.47110677E-04  4.49689232E-05
5.94773306E-02  8.62542165E-04  4.79703387E-05
5.96008557E-02  9.78395710E-04  4.58377385E-05
5.97243808E-02  9.26855113E-04  4.76792195E-05
5.98479059E-02  8.91583022E-04  4.59884430E-05
5.99714310E-02  8.51805021E-04  4.23462585E-05
6.00949561E-02  8.43280614E-04  4.59680245E-05
6.02184811E-02  8.41608418E-04  4.63194433E-05
6.03420062E-02  9.26518853E-04  4.97642482E-05
6.04655313E-02  9.24983995E-04  4.42228390E-05
6.05890564E-02  9.23068496E-04  5.14395655E-05
6.07125815E-02  8.80081558E-04  4.70258885E-05
6.08361066E-02  9.37957069E-04  4.92894103E-05
6.09596317E-02  9.54313359E-04  4.57107111E-05
6.10831568E-02  8.05393061E-04  4.44684413E-05
6.12066819E-02  9.01050960E-04  4.98729947E-05
6.13302070E-02  8.37882579E-04  4.28803321E-05
6.14537320E-02  9.01628784E-04  5.04444761E-05
6.15772571E-02  9.31540872E-04  4.51805074E-05
6.17007822E-02  8.22980939E-04  4.33968166E-05
6.18243073E-02  9.14668314E-04  4.54759963E-05
6.19478324E-02  8.88063624E-04  4.60998876E-05
6.20713575E-02  8.79412376E-04  5.09218092E-05
6.21948826E-02  9.11841602E-04  4.42258220E-05
6.23184077E-02  8.48083456E-04  4.64645898E-05
6.24419328E-02  8.93821146E-04  4.68003565E-05
6.25654578E-02  9.15864312E-04  4.62679380E-05
6.26889829E-02  8.46816133E-04  4.75493326E-05
6.28125080E-02  8.96683808E-04  4.79665144E-05
6.29360331E-02  8.95464242E-04  4.80590338E-05
6.30595582E-02  7.90831796E-04  4.41624548E-05
6.31830833E-02  7.77044066E-04  4.18394834E-05
6.33066084E-02  7.79815893E-04  4.74432026E-05
6.34301335E-02  8.56598908E-04  4.41194197E-05
6.35536586E-02  9.11563747E-04  4.99501090E-05
6.36771837E-02  8.06884616E-04  4.16112113E-05
6.38007087E-02  9.21153041E-04  4.38353424E-05
6.39242338E-02  8.11902689E-04  4.82900921E-05
6.40477589E-02  8.98690159E-04  4.62770238E-05
6.41712840E-02  9.08455543E-04  4.55991198E-05
6.42948091E-02  8.58423823E-04  4.64879656E-05
6.44183342E-02  8.88153408E-04  4.48740783E-05
6.45418593E-02  8.46283622E-04  4.79456331E-05
6.46653844E-02  8.13017085E-04  4.30981783E-05
6.47889095E-02  9.63878535E-04  4.45176529E-05
6.49124345E-02  8.45883538E-04  4.49892366E-05
6.50359596E-02  8.77029110E-04  4.39425712E-05
6.51594847E-02  8.23260683E-04  4.75365797E-05
6.52830098E-02  8.37706987E-04  4.37421628E-05
6.54065349E-02  7.84330430E-04  4.11846840E-05
6.55300600E-02  8.27860273E-04  4.63892621E-05
6.56535851E-02  8.23596705E-04  4.71915736E-05
6.57771102E-02  8.28430930E-04  4.76693322E-05
6.59006353E-02  8.50599148E-04  4.41658840E-05
6.60241604E-02  8.01829492E-04  4.38998160E-05
6.61476854E-02  8.04199594E-04  4.32192517E-05
6.62712105E-02  8.18238471E-04  4.46942882E-05
6.63947356E-02  7.87907956E-04  4.57143515E-05
6.65182607E-02  8.69839342E-04  4.34783722E-05
6.66417858E-02  7.58432488E-04  4.32566075E-05
6.67653109E-02  7.65817312E-04  4.01830092E-05
6.68888360E-02  7.67501080E-04  4.65337839E-05
6.70123611E-02  7.47003356E-04  4.15881377E-05
6.71358862E-02  7.48244790E-04  5.49941658E-05
6.72594112E-02  8.04046131E-04  4.40321944E-05
6.73829363E-02  8.47755575E-04  4.66942376E-05
6.75064614E-02  8.75325500E-04  4.49690773E-05
6.76299865E-02  8.36131261E-04  4.21274904E-05
6.77535116E-02  8.76083181E-04  4.69446289E-05
6.78770367E-02  8.27420245E-04  4.33235768E-05
6.80005618E-02  8.31423493E-04  4.35792354E-05
6.81240869E-02  8.17457705E-04  4.38549637E-05
6.82476120E-02  7.64823788E-04  4.53549526E-05
6.83711371E-02  8.24755093E-04  4.30245455E-05
6.84946621E-02  8.65822023E-04  4.62718085E-05
6.86181872E-02  8.11253869E-04  4.64009927E-05
6.87417123E-02  7.31167759E-04  4.41174494E-05
6.88652374E-02  8.30275907E-04  8.54039719E-05
6.89887625E-02  7.89640139E-04  4.59869491E-05
6.91122876E-02  7.73626299E-04  4.60653404E-05
6.92358127E-02  7.27851852E-04  3.92797755E-05
6.93593378E-02  7.85334753E-04  4.72865872E-05
6.94828629E-02  8.16337139E-04  4.23674851E-05
6.96063879E-02  8.36287073E-04  4.48505781E-05
6.97299130E-02  7.92946841E-04  4.32802094E-05
6.98534381E-02  7.46088004E-04  4.73604165E-05
6.99769632E-02  6.89497643E-04  4.14034091E-05
7.01004883E-02  7.30067933E-04  4.39273046E-05
7.02240134E-02  7.17051036E-04  4.36888588E-05
7.03475385E-02  7.13277323E-04  3.99041979E-05
7.04710636E-02  7.29560622E-04  4.25981490E-05
7.05945887E-02  7.49482350E-04  4.06381992E-05
7.07181138E-02  7.60533104E-04  4.59787500E-05
7.08416388E-02  7.48022018E-04  4.54338803E-05
7.09651639E-02  7.27002178E-04  4.97478058E-05
7.10886890E-02  7.18029221E-04  4.22929876E-05
7.12122141E-02  7.16323496E-04  4.12317460E-05
7.13357392E-02  7.73435807E-04  4.54292555E-05
7.14592643E-02  7.20682356E-04  4.46063014E-05
7.15827894E-02  6.48815010E-04  3.89938204E-05
7.17063145E-02  8.63056223E-04  4.73666830E-05
7.18298396E-02  7.09007658E-04  3.88406378E-05
7.19533647E-02  7.16494514E-04  4.74424231E-05
7.20768897E-02  7.84838088E-04  5.18729534E-05
7.22004148E-02  7.76035966E-04  4.66763284E-05
7.23239399E-02  6.89794546E-04  4.27340182E-05
7.24474650E-02  6.92365420E-04  4.19687588E-05
7.25709901E-02  7.29995627E-04  4.04466985E-05
7.26945152E-02  7.04540605E-04  4.12369417E-05
7.28180403E-02  7.65473329E-04  4.98047583E-05
7.29415654E-02  6.89507729E-04  4.02322203E-05
7.30650905E-02  7.07536579E-04  4.27667403E-05
7.31886155E-02  6.81528805E-04  4.15010879E-05
7.33121406E-02  7.13179820E-04  4.12357882E-05
7.34356657E-02  7.28212268E-04  4.04802693E-05
7.35591908E-02  6.65242504E-04  3.92047575E-05
7.36827159E-02  6.84663770E-04  4.32387335E-05
7.38062410E-02  6.67231090E-04  1.83200976E-04
7.39297661E-02  6.67284485E-04  3.76121089E-05
7.40532912E-02  6.20343566E-04  3.75504905E-05
7.41768163E-02  6.72396004E-04  4.23367331E-05
7.43003414E-02  6.81117003E-04  4.26901456E-05
7.44238664E-02  6.60251436E-04  4.10801587E-05
7.45473915E-02  6.95013393E-04  4.01531698E-05
7.46709166E-02  6.47031201E-04  4.05952584E-05
7.47944417E-02  6.33360528E-04  3.94093510E-05
7.49179668E-02  6.15489085E-04  4.10034018E-05
7.50414919E-02  6.03857326E-04  3.88011760E-05
7.51650170E-02  6.88845164E-04  3.86044193E-05
7.52885421E-02  6.51050371E-04  3.81301483E-05
7.54120672E-02  7.11296327E-04  4.25738420E-05
7.55355922E-02  7.10683377E-04  4.71300055E-05
7.56591173E-02  6.11671243E-04  3.96333446E-05
7.57826424E-02  6.69024587E-04  3.77406725E-05
7.59061675E-02  6.27822823E-04  4.03222723E-05
7.60296926E-02  6.01314669E-04  4.22451831E-05
7.61532177E-02  7.02105127E-04  4.13790284E-05
7.62767428E-02  6.11540779E-04  3.99009129E-05
7.64002679E-02  6.83976674E-04  4.01743016E-05
7.65237930E-02  6.91434418E-04  3.87904060E-05
7.66473181E-02  6.51370759E-04  3.98955521E-05
7.67708431E-02  6.22132435E-04  4.48835724E-05
7.68943682E-02  6.63047020E-04  5.03655536E-05
7.70178933E-02  6.55871937E-04  9.17153779E-05
7.71414184E-02  5.83634021E-04  3.49429061E-05
7.72649435E-02  7.57343473E-04  4.22397957E-05
7.73884686E-02  6.12548159E-04  3.78971467E-05
7.75119937E-02  6.96217235E-04  4.59077064E-05
7.76355188E-02  6.81046505E-04  4.53358683E-05
7.77590439E-02  5.89527848E-04  4.15341793E-05
7.78825689E-02  5.48985989E-04  4.09082915E-05
7.80060940E-02  6.10686080E-04  3.99046646E-05
7.81296191E-02  6.99181191E-04  3.76159874E-05
7.82531442E-02  7.84309593E-04  5.03916018E-05
7.83766693E-02  6.24054841E-04  3.77908389E-05
7.85001944E-02  6.14696607E-04  7.62709087E-05
7.86237195E-02  6.73835348E-04  4.54223118E-05
7.87472446E-02  5.92557777E-04  3.58886062E-05
7.88707697E-02  5.66588675E-04  4.24494716E-05
7.89942948E-02  5.81525783E-04  3.79992764E-05
7.91178198E-02  5.89433527E-04  4.37345379E-05
7.92413449E-02  7.53192809E-04  4.66363009E-05
7.93648700E-02  6.34304157E-04  4.43932505E-05
7.94883951E-02  6.36172775E-04  4.17479297E-05
7.96119202E-02  7.32807045E-04  4.56047443E-05
7.97354453E-02  5.79616029E-04  4.12064109E-05
7.98589704E-02  6.13198390E-04  3.93651602E-04
7.99824955E-02  5.96321448E-04  4.50755025E-05
8.01060206E-02  6.26664086E-04  4.50016328E-05
8.02295456E-02  6.54293504E-04  7.38380349E-04
8.03530707E-02  5.66848625E-04  4.05600007E-05
8.04765958E-02  6.42084256E-04  4.22869938E-05
8.06001209E-02  5.62433843E-04  5.74703312E-05
8.07236460E-02  5.37424031E-04  3.76015457E-05
8.08471711E-02  6.47705732E-04  3.82829948E-05
8.09706962E-02  6.47214546E-04  4.14844069E-05
8.10942213E-02  6.66288823E-04  4.63340334E-05
8.12177464E-02  6.08867251E-04  4.23022580E-05
8.13412715E-02  6.03911673E-04  5.00254180E-05
8.14647965E-02  5.74217817E-04  4.08846871E-05
8.15883216E-02  5.88540238E-04  4.30280270E-05
8.17118467E-02  5.71172833E-04  4.43804047E-05
8.18353718E-02  5.69191903E-04  4.30409600E-05
8.19588969E-02  5.67365716E-04  5.04368468E-05
8.20824220E-02  5.79970561E-04  4.16267005E-05
8.22059471E-02  6.23567975E-04  4.44405219E-05
8.23294722E-02  5.55103745E-04  4.11986309E-05
8.24529973E-02  5.87483807E-04  4.27221382E-05
8.25765223E-02  5.88838358E-04  4.11406600E-05
8.27000474E-02  6.33101642E-04  5.29109189E-05
8.28235725E-02  6.30015780E-04  4.57908128E-05
8.29470976E-02  6.31683050E-04  3.92535565E-05
8.30706227E-02  5.56871219E-04  4.34507082E-05
8.31941478E-02  5.03669606E-04  4.00751125E-05
8.33176729E-02  5.60232894E-04  4.23026593E-05
8.34411980E-02  5.47953720E-04  4.24755732E-05
8.35647231E-02  5.93991774E-04  4.16117288E-05
8.36882482E-02  5.72427807E-04  4.11287476E-05
8.38117732E-02  5.93887919E-04  4.29280793E-05
8.39352983E-02  5.61115466E-04  3.91609803E-05
8.40588234E-02  5.52362745E-04  4.54395410E-05
8.41823485E-02  5.72327671E-04  3.79320728E-05
8.43058736E-02  5.82708501E-04  3.88347628E-05
8.44293987E-02  5.89263848E-04  4.15175310E-05
8.46146863E-02  6.27383179E-04  3.09711773E-05
8.47999740E-02  5.31209332E-04  3.99892424E-05
8.49234991E-02  5.16427611E-04  3.63391344E-05
8.50470241E-02  5.75470531E-04  5.00191632E-05
8.51705492E-02  5.41168554E-04  4.45305347E-05
8.52940743E-02  5.88124051E-04  4.14755410E-05
8.54175994E-02  5.49567201E-04  3.66560382E-05
8.55411245E-02  4.22597054E-04  3.86286514E-05
8.56646496E-02  6.14413420E-04  5.95323831E-05
8.57881747E-02  5.52290268E-04  4.15759734E-05
8.59116998E-02  5.99089292E-04  5.30148901E-05
8.60352249E-02  5.62335606E-04  4.46809591E-05
8.61587499E-02  4.88221608E-04  1.10499977E-04
8.62822750E-02  5.40475745E-04  3.89674167E-05
8.64675627E-02  5.14153492E-04  2.92652238E-05
8.66528503E-02  4.92124380E-04  4.24834694E-05
8.67763754E-02  5.16233511E-04  4.56942207E-05
8.68999005E-02  5.65451770E-04  4.39329270E-05
8.70234256E-02  5.29453333E-04  4.79857321E-05
8.71469507E-02  4.98214748E-04  5.08815758E-05
8.72704758E-02  5.15111197E-04  4.51075910E-05
8.73940008E-02  5.11018001E-04  4.43259258E-05
8.75175259E-02  5.58407069E-04  4.51413617E-05
8.76410510E-02  5.16703295E-04  4.32193078E-05
8.77645761E-02  5.05355066E-04  5.04188054E-05
8.79498637E-02  5.22655338E-04  3.00714883E-05
8.81351514E-02  5.31458490E-04  4.19693304E-05
8.82586765E-02  5.03893792E-04  4.36076446E-05
8.83822016E-02  5.31157453E-04  5.06345075E-05
8.85057266E-02  4.39106275E-04  1.65475034E-04
8.86292517E-02  3.63498739E-04  4.19383788E-05
8.87527768E-02  4.49157201E-04  5.46696088E-05
8.88763019E-02  5.54319378E-04  4.58319394E-05
8.89998270E-02  5.39427983E-04  4.49697642E-05
8.91233521E-02  5.58175467E-04  1.89285674E-04
8.93086397E-02  4.70154995E-04  2.79389817E-05
8.94939274E-02  4.47778084E-04  4.74792959E-05
8.96174525E-02  4.68840542E-04  4.24981245E-05
8.97409775E-02  5.12385910E-04  4.21160937E-05
8.98645026E-02  5.24067553E-04  5.80210819E-05
8.99880277E-02  4.81773338E-04  4.97882011E-05
9.01115528E-02  5.14701935E-04  3.43124848E-05
9.02350779E-02  5.57373172E-04  6.42542877E-05
9.04203655E-02  5.32034463E-04  2.92373650E-05
9.06056532E-02  4.74504150E-04  1.19388661E-04
9.07291783E-02  4.77606931E-04  4.02478319E-05
9.08527033E-02  5.51247404E-04  3.90658171E-05
9.09762284E-02  5.43499084E-04  4.30517437E-05
9.10997535E-02  5.18277344E-04  4.19468927E-05
9.12232786E-02  5.04758400E-04  3.91019612E-05
9.14085663E-02  4.70906124E-04  3.99052201E-05
9.15938539E-02  4.59603939E-04  4.06820292E-05
9.17173790E-02  5.11128722E-04  1.70895962E-04
9.18409041E-02  4.59225115E-04  4.06135075E-05
9.19644292E-02  4.59945883E-04  3.98133143E-05
9.20879542E-02  5.02368238E-04  2.25184710E-04
9.22114793E-02  4.51543557E-04  3.87542516E-05
9.23967670E-02  5.36697779E-04  3.85080846E-05
9.25820546E-02  4.42074979E-04  4.40698505E-05
9.27055797E-02  4.41591609E-04  3.57643768E-05
9.28291048E-02  4.65895236E-04  4.01148744E-05
9.29526299E-02  4.60034504E-04  4.02202557E-05
9.30761550E-02  4.91201092E-04  9.53247836E-05
9.32614426E-02  4.65827066E-04  2.92188083E-05
9.34467302E-02  4.55826622E-04  4.37317761E-05
9.35702553E-02  4.42865690E-04  3.98018235E-05
9.36937804E-02  4.97296896E-04  3.65586580E-05
9.38173055E-02  4.73826051E-04  1.48717864E-04
9.39408306E-02  4.05537881E-04  8.71320478E-04
9.41261182E-02  4.40723949E-04  2.76810857E-05
9.43114059E-02  4.77459269E-04  4.19832171E-05
9.44349309E-02  4.04261927E-04  3.97447524E-05
9.45584560E-02  4.55270802E-04  4.55279389E-05
9.46819811E-02  5.09542158E-04  4.47526788E-05
9.48055062E-02  4.84843320E-04  4.07949852E-05
9.49907938E-02  4.19033610E-04  3.50979442E-05
9.51760815E-02  4.36134279E-04  3.90850234E-05
9.52996066E-02  4.57620665E-04  4.86476607E-05
9.54231317E-02  4.53164614E-04  4.05805844E-05
9.55466568E-02  5.05659258E-04  4.01858923E-05
9.57319444E-02  4.39465143E-04  2.70600633E-05
9.59172320E-02  4.57180197E-04  1.01153096E-04
9.60407571E-02  4.12102694E-04  4.19491417E-04
9.61642822E-02  4.42363930E-04  4.27889732E-05
9.62878073E-02  4.83189358E-04  4.99757450E-04
9.64730949E-02  4.18982271E-04  2.83871093E-05
9.66583826E-02  4.47962317E-04  1.38356067E-04
9.67819076E-02  4.07261431E-04  3.64719138E-05
9.69054327E-02  4.47713082E-04  6.02358147E-05
9.70289578E-02  4.53406953E-04  3.92009536E-05
9.72142455E-02  4.37953365E-04  3.11565708E-05
9.73995331E-02  3.90863311E-04  5.23906106E-05
9.75230582E-02  4.70877215E-04  4.48409752E-05
9.76465833E-02  5.01945285E-04  5.04286373E-05
9.78318709E-02  4.41512586E-04  3.00063254E-05
9.80171585E-02  4.12901026E-04  4.44812811E-05
9.81406836E-02  3.69132859E-04  4.22134079E-05
9.82642087E-02  4.29174169E-04  7.81668362E-05
9.83877338E-02  4.19187110E-04  6.55526843E-05
9.85730214E-02  3.80827604E-04  3.31115411E-05
9.87583091E-02  5.00045729E-04  4.43603007E-05
9.88818342E-02  4.14007238E-04  4.14760164E-05
9.90053593E-02  3.97738912E-04  4.55756634E-05
9.91906469E-02  3.64374117E-04  3.45516016E-05
9.93759345E-02  3.93293884E-04  4.06500941E-05
9.94994596E-02  4.59131710E-04  5.44431005E-05
9.96229847E-02  3.68124409E-04  4.03418549E-05
9.98082723E-02  3.95023310E-04  2.95659248E-05
9.99935600E-02  4.41551403E-04  4.96730145E-05
1.00117085E-01  4.01087159E-04  1.05559285E-04
1.00240610E-01  3.44682611E-04  7.68958057E-05
1.00425898E-01  4.01834831E-04  4.13333766E-05
1.00611185E-01  5.22463754E-04  4.92047904E-05
1.00734711E-01  3.95680738E-04  6.16481915E-05
1.00858236E-01  4.11984099E-04  5.45582589E-05
1.01043523E-01  3.95375205E-04  2.94078970E-05
1.01228811E-01  3.88945679E-04  4.77433831E-05
1.01352336E-01  4.22859171E-04  4.26261671E-05
1.01475861E-01  3.91593697E-04  4.10689717E-05
1.01661149E-01  3.57531666E-04  2.86894729E-05
1.01846436E-01  3.83035491E-04  4.47067779E-05
1.01969961E-01  3.54548443E-04  4.91832477E-05
1.02155249E-01  3.70530052E-04  3.59263139E-05
1.02340537E-01  3.47661200E-04  5.06479357E-05
1.02464062E-01  4.04757085E-04  1.54283373E-04
1.02587587E-01  3.84479223E-04  3.80100791E-05
1.02772874E-01  3.98197574E-04  2.96423863E-05
1.02958162E-01  3.68377037E-04  1.36250108E-04
1.03081687E-01  3.78907705E-04  4.15509999E-05
1.03266975E-01  4.09264343E-04  3.03981709E-05
1.03452262E-01  3.85317976E-04  4.10330168E-05
1.03575788E-01  4.19771708E-04  4.17548896E-05
1.03699313E-01  3.92574429E-04  2.25480949E-04
1.03884600E-01  3.21566142E-04  3.26562062E-05
1.04069888E-01  3.42757677E-04  4.54146989E-05
1.04193413E-01  3.36915209E-04  4.42893927E-05
1.04378701E-01  3.65571607E-04  2.88293426E-05
1.04563988E-01  3.91986186E-04  4.21621711E-05
1.04687513E-01  3.73940203E-04  4.26153909E-05
1.04872801E-01  3.62705769E-04  2.81960160E-05
1.05058089E-01  3.43053871E-04  4.16726182E-05
1.05181614E-01  3.69294379E-04  4.41631713E-05
1.05366901E-01  3.57240334E-04  3.23274085E-05
1.05552189E-01  3.67376460E-04  4.34937688E-05
1.05675714E-01  3.00588325E-04  4.68939988E-05
1.05799239E-01  3.60604742E-04  4.62795423E-05
1.05984527E-01  4.26534538E-04  3.15495048E-05
1.06169814E-01  3.49881979E-04  2.32312751E-03
1.06293340E-01  3.28603099E-04  4.22504158E-05
1.06478627E-01  3.26861954E-04  3.09793565E-05
1.06663915E-01  4.39117343E-04  4.77365729E-05
1.06787440E-01  3.03262651E-04  6.28292159E-05
1.06972728E-01  4.34993672E-04  3.21587993E-05
1.07158015E-01  4.05523952E-04  6.21003692E-05
1.07281540E-01  3.22874390E-04  4.26788943E-05
1.07466828E-01  3.41442957E-04  3.16271762E-05
1.07652116E-01  3.40943713E-04  4.16542440E-05
1.07775641E-01  4.34774465E-04  6.47009556E-04
1.07960928E-01  3.40809678E-04  2.99757078E-05
1.08146216E-01  4.03242522E-04  4.76472962E-05
1.08331504E-01  3.03757543E-04  3.45306155E-05
1.08516791E-01  2.32148221E-04  4.15193049E-05
1.08640316E-01  3.17944744E-04  4.72534271E-05
1.08825604E-01  2.66393997E-04  2.88362749E-05
1.09010892E-01  3.54211593E-04  6.64987340E-05
1.09134417E-01  2.60665160E-04  6.32745178E-05
1.09319704E-01  3.03217957E-04  2.96909029E-05
1.09504992E-01  2.50152247E-04  6.53567714E-05
1.09628517E-01  2.35174064E-04  4.59688475E-05
1.09813805E-01  3.54824181E-04  3.75243098E-05
1.09999092E-01  2.83933934E-04  5.84339161E-05
1.10184380E-01  3.24063738E-04  3.62198896E-05
1.10369667E-01  3.73243525E-04  2.20434646E-04
1.10493193E-01  3.93718055E-04  4.55826834E-05
1.10678480E-01  3.30915154E-04  3.23694512E-05
1.10863768E-01  3.39119553E-04  4.22810375E-05
1.10987293E-01  3.30366944E-04  4.64186971E-05
1.11172581E-01  2.75445062E-04  3.10465090E-05
1.11357868E-01  2.60076820E-04  4.25952087E-05
1.11543156E-01  3.48223456E-04  2.88979156E-05
1.11728443E-01  2.13758520E-04  1.61671408E-04
1.11851969E-01  3.26348526E-04  1.12378225E-04
1.12037256E-01  3.06276303E-04  3.02216299E-05
1.12222544E-01  3.28471089E-04  4.38906248E-05
1.12407831E-01  2.77697560E-04  3.04379918E-05
1.12593119E-01  2.78702685E-04  5.64595519E-05
1.12716644E-01  2.91899777E-04  4.31630597E-05
1.12901932E-01  3.04767139E-04  2.94455331E-05
1.13087219E-01  2.98043065E-04  4.33336167E-05
1.13272507E-01  3.72992258E-04  5.26448811E-05
1.13457795E-01  2.46755767E-04  5.05715656E-05
1.13643082E-01  3.28488361E-04  3.48382117E-05
1.13828370E-01  2.81195966E-04  5.69691459E-05
1.13951895E-01  3.10798261E-04  4.59416772E-05
1.14137183E-01  2.10575995E-04  3.70881881E-05
1.14322470E-01  3.52129948E-04  4.68863844E-05
1.14507758E-01  2.59391081E-04  3.86905602E-05
1.14693046E-01  3.38771939E-04  4.13435721E-05
1.14878333E-01  2.97480645E-04  2.95276618E-05
1.15063621E-01  3.31421972E-04  7.63717437E-05
1.15187146E-01  3.03706458E-04  4.19815099E-05
1.15372434E-01  2.86779897E-04  3.98384738E-05
1.15557721E-01  3.26608880E-04  3.56819298E-04
1.15743009E-01  3.09760696E-04  3.03534541E-05
1.15928297E-01  3.52186792E-04  4.49478647E-05
1.16113584E-01  3.06434547E-04  4.05718523E-05
1.16298872E-01  3.34566478E-04  5.38552614E-05
1.16484159E-01  2.76195922E-04  3.18148764E-05
1.16669447E-01  2.82854671E-04  6.38305975E-05
1.16792972E-01  2.95136652E-04  1.51201964E-04
1.16978260E-01  3.24007762E-04  2.99984234E-05
1.17163547E-01  2.77474904E-04  4.70243551E-05
1.17348835E-01  3.27094898E-04  8.31017472E-05
1.17534123E-01  2.16867278E-04  4.43182626E-05
1.17719410E-01  2.85318254E-04  3.11514180E-05
1.17904698E-01  1.93332420E-04  4.51349987E-05
1.18089986E-01  2.27945372E-04  5.38865929E-05
1.18275273E-01  2.98017193E-04  4.57808729E-05
1.18460561E-01  2.65654055E-04  3.90866589E-05
1.18645848E-01  2.50691074E-04  1.51200112E-04
1.18831136E-01  2.85455500E-04  3.03852439E-05
1.19016424E-01  3.27822710E-04  3.97653337E-04
1.19201711E-01  2.47843831E-04  3.44874398E-05
1.19386999E-01  3.48917539E-04  8.12210043E-05
1.19572287E-01  2.39043532E-04  5.15097365E-05
1.19757574E-01  2.35683719E-04  2.07310969E-03
1.19942862E-01  2.27431628E-04  2.83140654E-05
1.20128150E-01  2.70237499E-04  4.47517229E-05
1.20313437E-01  3.35448189E-04  3.36908627E-05
1.20498725E-01  2.41604756E-04  5.91092720E-05
1.20684012E-01  2.83081803E-04  4.65707052E-05
1.20869300E-01  2.76535239E-04  5.23453918E-04
1.21054588E-01  2.73306429E-04  4.82283191E-05
1.21239875E-01  3.61271538E-04  8.05277458E-05
1.21425163E-01  2.16567065E-04  1.65392502E-04
1.21610451E-01  4.09950717E-04  8.10522411E-05
1.21795738E-01  3.06967343E-04  3.11455510E-05
1.21981026E-01  2.52344897E-04  5.64565218E-05
1.22166314E-01  2.19465535E-04  3.09108487E-05
1.22351601E-01  3.04955962E-04  5.28290403E-05
1.22536889E-01  2.26905853E-04  3.20921866E-05
1.22722176E-01  2.46289439E-04  4.89413121E-05
1.22907464E-01  3.37069596E-04  4.71883521E-05
1.23092752E-01  1.88928371E-04  5.87209511E-05
1.23278039E-01  3.03209919E-04  3.15142632E-05
1.23525090E-01  2.45193656E-04  3.74835185E-05
1.23710377E-01  3.28318596E-04  5.57737461E-05
1.23895665E-01  3.40978818E-04  4.13414594E-05
1.24080952E-01  1.51369967E-04  8.64884625E-05
1.24266240E-01  2.89739800E-04  6.50918571E-05
1.24451528E-01  2.85681783E-04  2.92488934E-04
1.24636815E-01  2.75326602E-04  3.30257007E-05
1.24822103E-01  2.36414221E-04  4.38304689E-05
1.25007391E-01  2.90907216E-04  3.65054643E-05
1.25254441E-01  2.05372530E-04  4.57773273E-05
1.25439728E-01  2.62205492E-04  4.70606446E-05
1.25625016E-01  2.42933923E-04  3.79971550E-05
1.25810304E-01  2.26483130E-04  7.02278251E-05
1.25995591E-01  2.85973375E-04  8.04767185E-05
1.26180879E-01  2.68755376E-04  4.27340006E-05
1.26366167E-01  2.76720931E-04  2.92453692E-05
1.26613217E-01  2.27838611E-04  3.16972861E-05
1.26798504E-01  2.55401393E-04  5.81386155E-05
1.26983792E-01  2.18220931E-04  3.82850645E-05
1.27169080E-01  2.14019228E-04  4.38291297E-05
1.27354367E-01  2.74220019E-04  1.75293740E-04
1.27539655E-01  2.68339414E-04  5.50789661E-05
1.27724943E-01  2.75881424E-04  4.25693705E-05
1.27971993E-01  2.63340004E-04  1.78305281E-04
1.28157280E-01  2.00888068E-04  5.42477329E-05
1.28342568E-01  2.11482253E-04  3.05551089E-05
1.28527856E-01  2.54399935E-04  4.57450430E-05
1.28713143E-01  2.37839706E-04  8.20195945E-05
1.28960193E-01  1.72426110E-04  4.17794600E-05
1.29145481E-01  2.05758952E-04  4.63150898E-05
1.29330769E-01  2.64308478E-04  4.81609172E-05
1.29577819E-01  2.31329643E-04  3.64803376E-05
1.29763107E-01  3.27133350E-04  4.46488467E-05
1.29948394E-01  1.71533773E-04  2.98830928E-05
1.30133682E-01  2.32327487E-04  6.22230144E-05
1.30318969E-01  1.82185659E-04  3.89157211E-05
1.30566020E-01  1.86227427E-04  3.22081523E-05
1.30751307E-01  2.82613159E-04  4.30374930E-05
1.30936595E-01  2.37231210E-04  4.11838001E-05
1.31183645E-01  2.47880461E-04  1.26049169E-03
1.31368933E-01  2.72427293E-04  7.51173998E-05
1.31554220E-01  2.40314364E-04  3.00013125E-05
1.31801271E-01  2.00129561E-04  2.98410434E-05
1.31986558E-01  2.06408860E-04  4.24415392E-05
1.32171846E-01  2.20237590E-04  3.04332094E-05
1.32357133E-01  1.33852903E-04  4.15144303E-05
1.32542421E-01  1.75294341E-04  7.73446567E-04
1.32789471E-01  2.23867922E-04  8.97020466E-05
1.32974759E-01  1.59225352E-04  4.37930180E-05
1.33160047E-01  2.25904383E-04  2.96178608E-05
1.33407097E-01  2.50240670E-04  9.35896362E-05
1.33592384E-01  2.68472130E-04  5.19125803E-05
1.33777672E-01  1.86284920E-04  8.92055164E-05
1.34024722E-01  2.07301851E-04  5.84316687E-05
1.34210010E-01  2.37360660E-04  5.58648090E-05
1.34395297E-01  1.79658944E-04  3.79143032E-05
1.34642348E-01  2.08240379E-04  3.03826654E-04
1.34889398E-01  2.10516145E-04  2.97406009E-05
1.35074685E-01  2.64019292E-04  4.84644223E-05
1.35259973E-01  2.04585258E-04  3.47192366E-05
1.35507023E-01  1.92773347E-04  4.40325508E-04
1.35692311E-01  1.97640344E-04  4.33311953E-05
1.35877598E-01  2.04525781E-04  4.00989954E-05
1.36124649E-01  2.07211043E-04  3.42516363E-05
1.36309936E-01  2.28643291E-04  1.48500909E-04
1.36495224E-01  1.99850953E-04  5.49285126E-05
1.36742274E-01  2.00000866E-04  6.85223197E-05
1.36989324E-01  2.59719364E-04  3.32093228E-05
1.37174612E-01  1.54620925E-04  6.89892506E-05
1.37359900E-01  2.04838506E-04  2.82959783E-05
1.37606950E-01  1.59217399E-04  2.99868879E-05
1.37792237E-01  1.86254419E-04  4.40395052E-05
1.37977525E-01  1.80295613E-04  3.06017093E-05
1.38224575E-01  2.52294961E-04  4.41006905E-05
1.38471625E-01  2.24351325E-04  3.92579380E-05
1.38656913E-01  1.77903244E-04  6.84123853E-05
1.38842201E-01  1.36417569E-04  2.85527347E-05
1.39089251E-01  2.39615193E-04  5.19483784E-05
1.39274538E-01  1.78544759E-04  4.59490856E-05
1.39459826E-01  1.87236040E-04  3.63586957E-05
1.39706876E-01  1.82473502E-04  3.01196771E-05
1.39953926E-01  1.73685729E-04  3.46736157E-05
1.40139214E-01  1.95621324E-04  6.79104168E-05
1.40324502E-01  2.27179214E-04  7.12715778E-05
1.40571552E-01  1.83994918E-04  5.87506928E-05
1.40818602E-01  1.52559509E-04  3.66829567E-05
1.41065652E-01  1.84404853E-04  3.73394649E-05
1.41250940E-01  1.49471235E-04  6.39257568E-05
1.41436228E-01  1.81651449E-04  3.15983671E-05
1.41683278E-01  1.86595205E-04  2.99684317E-05
1.41930328E-01  2.01502618E-04  2.37322156E-04
1.42115616E-01  2.46513617E-04  1.42107961E-04
1.42300903E-01  2.36497346E-04  1.28321170E-03
1.42547953E-01  2.15853502E-04  3.02068679E-05
1.42795003E-01  1.65268202E-04  3.17530684E-05
1.42980291E-01  2.10778168E-04  5.31911916E-05
1.43165579E-01  1.31935036E-04  2.86367405E-05
1.43412629E-01  1.96563939E-04  2.74363721E-05
1.43659679E-01  1.99204047E-04  3.74147324E-05
1.43906729E-01  1.59109392E-04  2.90771923E-05
1.44092017E-01  1.95810460E-04  6.03436317E-05
1.44277305E-01  1.51111501E-04  6.35508587E-05
1.44524355E-01  1.35396493E-04  3.05002916E-05
1.44771405E-01  1.94611161E-04  3.00714009E-05
1.45018455E-01  1.24073980E-04  4.74423613E-04
1.45203743E-01  1.84904651E-04  9.25414143E-05
1.45389030E-01  1.12860053E-04  4.81252217E-05
1.45636081E-01  1.87996492E-04  4.66992340E-05
1.45883131E-01  1.44951736E-04  3.01458912E-05
1.46130181E-01  1.35589192E-04  3.05320483E-05
1.46377231E-01  1.69991985E-04  5.83516782E-05
1.46562519E-01  1.78788045E-04  4.21946664E-05
1.46747806E-01  1.60178592E-04  2.99579827E-05
1.46994857E-01  1.31047225E-04  3.43764459E-05
1.47241907E-01  1.84980193E-04  8.43728805E-05
1.47488957E-01  1.58335632E-04  1.28823014E-03
1.47736007E-01  1.71200152E-04  3.22123467E-05
1.47921295E-01  1.49196231E-04  1.03494314E-04
1.48106582E-01  1.25619296E-04  6.44213044E-05
1.48353633E-01  1.50347385E-04  2.98020088E-05
1.48600683E-01  1.71800507E-04  3.17126180E-05
1.48847733E-01  1.40998264E-04  3.11599543E-05
1.49094783E-01  1.24231894E-04  5.59629536E-05
1.49341833E-01  1.45367753E-04  2.95135113E-05
1.49527121E-01  2.06666128E-04  4.83126901E-05
1.49712409E-01  1.43280724E-04  2.93926562E-05
1.49959459E-01  1.38182925E-04  5.79777039E-04
1.50206509E-01  9.59170754E-05  2.94378829E-05
1.50453559E-01  1.85380472E-04  8.63073318E-05
1.50700609E-01  1.28345105E-04  2.96420548E-05
1.50947659E-01  1.96982585E-04  3.13936150E-05
1.51194710E-01  1.39820236E-04  3.53055126E-05
1.51441760E-01  1.58566815E-04  2.71739410E-05
1.51627047E-01  1.62682573E-04  4.20689147E-05
1.51812335E-01  1.29075320E-04  4.09416975E-05
1.52059385E-01  1.99333839E-04  1.03742074E-04
1.52306435E-01  1.72752991E-04  3.13866762E-05
1.52553486E-01  2.25129356E-04  3.80085618E-05
1.52800536E-01  9.33126338E-05  1.19243985E-04
1.53047586E-01  1.03666814E-04  3.26852386E-05
1.53294636E-01  1.26802475E-04  1.11609358E-04
1.53541686E-01  1.89958436E-04  4.40073027E-05
1.53788736E-01  1.36061406E-04  2.81295186E-05
1.54035787E-01  1.50916755E-04  1.36850823E-04
1.54221074E-01  9.83159850E-05  7.16373070E-03
1.54406362E-01  1.44980264E-04  2.10136505E-04
1.54653412E-01  1.59329292E-04  2.93769737E-05
1.54900462E-01  1.75956287E-04  5.46886067E-05
1.55147512E-01  1.65190364E-04  2.63767281E-04
1.55394563E-01  1.51909294E-04  7.61047252E-05
1.55641613E-01  1.28399958E-04  4.94684718E-05
1.55888663E-01  2.14341781E-04  7.34504299E-05
1.56135713E-01  1.74760574E-04  3.03433941E-05
1.56382763E-01  8.37737343E-05  3.24037319E-05
1.56629814E-01  1.10072044E-04  4.68833217E-05
1.56876864E-01  1.23293137E-04  2.92798653E-05
1.57123914E-01  1.48425622E-04  2.14019245E-04
1.57370964E-01  1.00159398E-04  4.53348769E-05
1.57618014E-01  1.86019793E-04  6.84383841E-05
1.57865064E-01  1.47146706E-04  2.94833657E-05
1.58112115E-01  5.35802070E-05  4.80776198E-05
1.58359165E-01  2.05854493E-04  6.33797834E-05
1.58606215E-01  1.14458590E-04  1.41631147E-04
1.58853265E-01  1.50359941E-04  3.14675856E-05
1.59100315E-01  9.54243771E-05  2.85646590E-05
1.59347365E-01  1.98434757E-04  3.50712083E-05
1.59594416E-01  1.58875531E-04  2.99434618E-05
1.59841466E-01  1.43536416E-04  3.23416468E-05
1.60088516E-01  1.23446005E-04  6.56222832E-05
1.60335566E-01  1.03692847E-04  3.26639945E-05
1.60582616E-01  1.38373230E-04  2.94142749E-05
1.60829667E-01  1.41847518E-04  2.92845393E-05
1.61076717E-01  1.34191417E-04  3.19143715E-05
1.61323767E-01  1.90269040E-04  3.22206724E-05
1.61570817E-01  9.49395407E-05  1.53615645E-04
1.61817867E-01  1.48549080E-04  4.60089564E-05
1.62064917E-01  6.52953171E-05  5.35229750E-05
1.62311968E-01  1.37865708E-04  3.59131974E-05
1.62559018E-01  1.50328290E-04  4.69449849E-05
1.62806068E-01  1.02996707E-04  3.58603721E-03
1.63053118E-01  1.19451718E-04  4.94391597E-05
1.63300168E-01  1.41476151E-04  6.00433358E-05
1.63547219E-01  9.89939479E-05  4.17902460E-05
1.63794269E-01  9.85249165E-05  6.38064999E-05
1.64041319E-01  3.40089686E-05  3.75268945E-05
1.64288369E-01  1.02958117E-04  3.73356464E-05
1.64535419E-01  1.46354991E-04  3.20851814E-05
1.64782469E-01  1.14684560E-04  2.08832847E-04
1.65029520E-01  1.34997777E-04  5.67645918E-05
1.65276570E-01  1.53631106E-04  5.80244181E-05
1.65523620E-01  8.26501476E-05  3.12937671E-05
1.65770670E-01  1.42937073E-04  5.82456148E-05
1.66079483E-01  1.78563176E-04  6.41402961E-05
1.66388296E-01  8.47619005E-05  1.09068609E-04
1.66635346E-01  1.38288291E-04  5.13163621E-05
1.66882396E-01  1.39602066E-04  3.80876146E-05
1.67129446E-01  1.26222657E-04  1.25044374E-04
1.67376496E-01  1.53967079E-04  3.35967104E-05
1.67623546E-01  9.97183250E-05  6.78431806E-05
1.67870597E-01  1.07085986E-04  5.42484335E-05
1.68117647E-01  6.10544359E-05  3.27569652E-05
1.68364697E-01  9.03823449E-05  3.46617113E-05
1.68611747E-01  1.36255718E-04  3.56617047E-05
1.68920560E-01  1.13769554E-04  2.56901998E-05
1.69229373E-01  1.06345060E-04  1.51507342E-04
1.69476423E-01  1.55238498E-04  3.04928054E-03
1.69723473E-01  8.11280170E-05  7.59721992E-05
1.69970523E-01  1.40021677E-04  4.45472239E-05
1.70217573E-01  1.21592176E-04  3.04836668E-05
1.70464624E-01  1.42966267E-04  3.26959630E-05
1.70711674E-01  3.97643884E-05  3.07934254E-05
1.71020486E-01  1.13828676E-04  3.18779333E-05
1.71329299E-01  1.35220047E-04  3.07507367E-05
1.71576349E-01  6.85939034E-05  5.55294045E-05
1.71823400E-01  1.39527005E-04  5.11909646E-05
1.72070450E-01  6.68484580E-05  4.51579219E-05
1.72317500E-01  7.49794092E-05  1.33823721E-04
1.72564550E-01  1.10236201E-04  3.12712977E-05
1.72873363E-01  1.62233142E-04  9.61561891E-05
1.73182176E-01  1.39292871E-04  3.68013136E-05
1.73429226E-01  8.40954337E-05  2.99012730E-05
1.73676276E-01  1.30863933E-04  1.70370841E-04
1.73923326E-01  8.10871847E-05  6.14264308E-05
1.74170376E-01  1.40065079E-04  9.15845882E-04
1.74479189E-01  9.98416134E-05  2.89944137E-05
1.74788002E-01  1.45496714E-04  5.03514550E-05
1.75035052E-01  9.14315532E-05  4.09428709E-04
1.75282102E-01  1.32863390E-04  2.92057942E-05
1.75529152E-01  1.50312380E-04  3.94651812E-05
1.75837965E-01  9.67106151E-05  2.29189513E-05
1.76146778E-01  1.23412179E-04  1.17168576E-04
1.76393828E-01  7.03116949E-05  3.39563467E-04
1.76640878E-01  1.48294447E-04  4.96809355E-05
1.76887928E-01  1.28580789E-04  3.03421839E-05
1.77196741E-01  9.68445835E-05  2.24857809E-04
1.77505554E-01  9.35625386E-05  3.73208731E-05
1.77752604E-01  1.50169856E-04  6.43944853E-05
1.77999654E-01  7.79967720E-05  2.92755982E-05
1.78246704E-01  1.39735607E-04  3.88360089E-05
1.78555517E-01  1.21714379E-04  4.92895645E-05
1.78864330E-01  1.30412568E-04  2.83474183E-05
1.79111380E-01  8.10128748E-05  3.90828002E-04
1.79358430E-01  8.47744182E-05  8.38530084E-05
1.79667243E-01  9.29416806E-05  2.75315648E-05
1.79976055E-01  1.43482263E-04  1.33848702E-04
1.80223106E-01  1.94618046E-05  6.96769989E-05
1.80470156E-01  8.10742058E-05  1.36834128E-04
1.80778969E-01  1.00565137E-04  2.74508772E-05
1.81087781E-01  9.36141575E-05  3.12588499E-05
1.81334831E-01  1.07160396E-04  2.94872894E-05
1.81581882E-01  9.30679774E-05  5.46341898E-05
1.81890694E-01  1.33596521E-04  4.11155734E-05
1.82199507E-01  8.61265378E-05  3.37281790E-05
1.82446557E-01  1.09491202E-04  3.22708701E-05
1.82755370E-01  8.97360597E-05  2.49175395E-05
1.83064183E-01  1.31302300E-04  1.25453679E-04
1.83311233E-01  9.38784698E-05  5.61187490E-05
1.83558283E-01  3.93590775E-05  3.20314155E-05
1.83867096E-01  8.77493147E-05  2.34023558E-05
1.84175908E-01  1.02643341E-04  2.88187501E-05
1.84422959E-01  1.30186491E-04  1.37821025E-04
1.84731771E-01  8.65324066E-05  3.19880086E-05
1.85040584E-01  1.16270944E-04  2.89388826E-05
1.85287634E-01  1.25474344E-04  2.81561904E-05
1.85596447E-01  1.03255241E-04  2.54812980E-04
1.85905260E-01  1.75424321E-04  3.06647000E-05
1.86152310E-01  1.06575253E-04  1.90258174E-04
1.86461123E-01  9.67994195E-05  2.55151009E-05
1.86769935E-01  1.18982053E-04  2.84923663E-05
1.87016986E-01  1.27613705E-04  8.77296458E-05
1.87325798E-01  2.82639931E-05  5.36783557E-05
1.87634611E-01  -1.05534239E-06  1.15353092E-03
1.87881661E-01  3.86760611E-05  6.45324224E-05
1.88190474E-01  1.32238752E-04  3.47624255E-05
1.88499287E-01  6.33004964E-05  2.76648339E-05
1.88746337E-01  9.29626715E-05  4.54960076E-05
1.89055150E-01  7.04826377E-05  5.27412080E-04
1.89363962E-01  1.24725790E-04  4.17250390E-05
1.89611012E-01  9.80531228E-05  2.84907886E-05
1.89919825E-01  5.62894738E-05  2.41542193E-05
1.90228638E-01  1.02402539E-04  2.86568661E-05
1.90537451E-01  1.09624352E-04  2.34689107E-05
1.90846263E-01  6.43900388E-05  2.97329726E-05
1.91093314E-01  8.55855711E-05  1.08122523E-04
1.91402126E-01  1.10935162E-04  3.85189760E-05
1.91710939E-01  1.38560892E-04  4.02259503E-05
1.91957989E-01  7.49424759E-05  2.80903231E-05
1.92266802E-01  5.36172863E-05  2.57862197E-05
1.92575615E-01  6.64344147E-05  4.41595370E-05
1.92884427E-01  3.20189336E-05  4.85978854E-05
1.93193240E-01  4.12563966E-05  4.78221721E-03
1.93502053E-01  1.18624211E-04  5.31459491E-05
1.93810865E-01  5.44560211E-05  2.80761171E-05
1.94057916E-01  5.39929463E-05  3.02085239E-05
1.94366728E-01  8.80479706E-05  2.61727070E-05
1.94675541E-01  7.70939188E-05  2.78618019E-05
1.94984354E-01  5.95995377E-05  2.43715932E-05
1.95293167E-01  1.34214916E-04  3.90662692E-05
1.95601979E-01  8.43045029E-05  1.08132712E-03
1.95910792E-01  9.26224439E-05  1.83185311E-03
1.96157842E-01  5.52488133E-05  5.77386523E-05
1.96466655E-01  1.27184305E-04  1.75970056E-04
1.96775468E-01  5.09651886E-05  1.55508026E-04
1.97084280E-01  7.02300047E-05  2.30325037E-05
1.97393093E-01  1.18768106E-04  3.13934700E-05
1.97701906E-01  1.46087760E-04  2.39323796E-05
1.98010719E-01  1.21397155E-04  6.85628496E-05
1.98319531E-01  5.44301752E-05  3.79548682E-05
1.98628344E-01  3.73010297E-05  3.66358418E-05
1.98937157E-01  9.13578830E-05  2.98805255E-05
1.99245969E-01  7.51937534E-05  2.78032315E-05
1.99554782E-01  1.41689032E-04  2.36153301E-05
1.99863595E-01  8.41433312E-05  8.94348135E-05
2.00172408E-01  6.28843627E-05  2.47683084E-05
2.00481220E-01  1.18846730E-04  8.61464911E-05
2.00790033E-01  9.27434653E-05  3.26396814E-05
2.01098846E-01  9.96525199E-05  2.66597256E-05
2.01407658E-01  7.35502644E-05  5.45412653E-05
2.01716471E-01  6.93853502E-05  2.79776105E-05
2.02025284E-01  1.16786905E-04  5.01368994E-05
2.02334097E-01  7.04752536E-05  6.13218418E-05
2.02642909E-01  8.34788050E-05  3.30024084E-05
2.02951722E-01  7.44260544E-05  3.47146147E-05
2.03260535E-01  5.32928597E-05  2.26374252E-05
2.03569348E-01  9.19972942E-05  4.12216056E-05
2.03878160E-01  6.32385355E-05  5.15157234E-05
2.04186973E-01  4.00136314E-05  2.71123121E-05
2.04495786E-01  4.11821303E-05  2.21851343E-05
2.04866361E-01  6.60546407E-05  2.15823615E-05
2.05175174E-01  8.10235718E-05  5.02719527E-05
2.05483986E-01  7.72898131E-05  4.69958892E-05
2.05792799E-01  9.59576354E-05  3.00038982E-05
2.06101612E-01  5.37207711E-05  3.75046639E-05
2.06410425E-01  8.25842614E-05  3.19781291E-05
2.06719237E-01  4.72972394E-05  3.24628613E-05
2.07089813E-01  9.07372214E-05  2.18893586E-05
2.07398625E-01  7.42156388E-05  4.46304625E-05
2.07707438E-01  1.34193057E-04  1.07281174E-04
2.08016251E-01  1.18133402E-04  2.68447875E-05
2.08325063E-01  9.84401425E-05  4.24570729E-05
2.08695639E-01  4.71440924E-05  4.16956571E-05
2.09004451E-01  8.64667188E-05  2.95013843E-05
2.09313264E-01  9.56797063E-05  4.51925730E-05
2.09622077E-01  5.10017017E-05  3.06798992E-05
2.09930890E-01  5.19635916E-05  2.37819716E-05
2.10301465E-01  8.08272317E-05  2.18121167E-05
2.10610278E-01  7.24508473E-05  4.28474108E-05
2.10919090E-01  4.07650287E-05  3.41133758E-05
2.11289666E-01  5.55859512E-05  4.30392469E-05
2.11598478E-01  1.92267636E-05  2.95715759E-05
2.11907291E-01  6.77479641E-05  2.73241021E-05
2.12277866E-01  8.46627104E-05  2.50677582E-05
2.12586679E-01  1.86856234E-05  5.40787088E-05
2.12895492E-01  4.87537666E-05  2.79540705E-05
2.13266067E-01  6.84178348E-05  2.17359296E-05
2.13574880E-01  5.12943668E-05  4.80977678E-04
2.13883693E-01  6.74671475E-05  3.12929472E-05
2.14254268E-01  7.36218175E-05  2.30620335E-05
2.14563081E-01  2.26910395E-05  2.88833547E-05
2.14871893E-01  9.47597774E-05  4.83975828E-05
2.15242469E-01  7.22835715E-05  3.33488155E-05
2.15551281E-01  8.72417669E-05  4.30441212E-05
2.15860094E-01  6.68053838E-05  2.22466410E-05
2.16230669E-01  9.57397239E-06  2.38953942E-05
2.16539482E-01  6.88085224E-05  7.14131798E-05
2.16848295E-01  6.74894834E-05  3.40189921E-05
2.17218870E-01  7.69401998E-05  2.18068852E-05
2.17589445E-01  1.12558114E-04  4.33537818E-05
2.17898258E-01  1.02892832E-04  2.71751088E-05
2.18207071E-01  1.05273434E-04  4.44016161E-05
2.18577646E-01  1.45037551E-05  2.94158024E-05
2.18886459E-01  8.66098140E-05  7.23482440E-05
2.19195271E-01  6.55735178E-05  2.26564418E-05
2.19565847E-01  -2.65591664E-06  2.13820907E-05
2.19936422E-01  -1.52849355E-05  2.36160720E-05
2.20245235E-01  9.36399244E-05  2.65316164E-05
2.20554047E-01  8.21463048E-05  6.62021961E-05
2.20924623E-01  7.46551190E-05  5.18112792E-05
2.21295198E-01  3.20560809E-05  2.73610771E-04
2.21604011E-01  8.62226949E-05  2.87463950E-05
2.21912823E-01  8.64277019E-05  2.85894897E-04
2.22283399E-01  8.55436371E-05  7.84412266E-05
2.22653974E-01  6.78561767E-05  2.16465654E-05
2.23024549E-01  6.37208241E-05  1.15834967E-03
2.23333362E-01  5.10047379E-05  1.96896783E-04
2.23642175E-01  4.94563237E-05  2.91298014E-05
2.24012750E-01  8.85335314E-05  2.23320557E-05
2.24383325E-01  4.00405050E-05  2.19551665E-05
2.24753900E-01  8.01123325E-05  1.32652905E-04
2.25062713E-01  7.22564009E-05  3.11428298E-04
2.25371526E-01  1.31640316E-05  7.95844518E-05
2.25742101E-01  9.11723306E-05  2.52498723E-05
2.26112676E-01  7.48509314E-05  2.10187805E-05
2.26483252E-01  6.02399420E-05  4.06984886E-05
2.26792064E-01  1.20857228E-05  3.41214297E-05
2.27100877E-01  7.63268730E-05  2.21618821E-05
2.27471452E-01  6.45455954E-05  2.50407365E-05
2.27842028E-01  8.03368324E-05  2.14795646E-05
2.28212603E-01  5.10297824E-05  4.22968001E-05
2.28583178E-01  4.84819499E-05  9.28803808E-05
2.28953753E-01  2.33848276E-05  2.16255251E-05
2.29262566E-01  3.47474781E-05  3.02260489E-05
2.29571379E-01  6.85429963E-05  2.07945889E-05
2.29941954E-01  9.07264741E-05  8.49297987E-05
2.30312529E-01  8.46945971E-05  2.59746675E-05
2.30683105E-01  5.91011862E-05  5.38796385E-05
2.31053680E-01  4.56326166E-05  4.64225077E-05
2.31424255E-01  5.64363792E-05  2.15808417E-05
2.31794831E-01  5.13135856E-05  3.80037208E-05
2.32103643E-01  1.37729623E-05  5.79538925E-05
2.32412456E-01  7.56084960E-05  2.16744266E-05
2.32783031E-01  2.17543692E-05  2.99802639E-05
2.33153606E-01  4.62167012E-05  2.30645020E-05
2.33524182E-01  7.26353426E-05  2.99510069E-05
2.33894757E-01  3.13389001E-05  1.69571735E-04
2.34265332E-01  5.03626299E-05  4.90561648E-05
2.34635908E-01  7.91791786E-05  2.26186854E-05
2.35006483E-01  6.69760774E-05  5.88580172E-05
2.35377058E-01  2.80797255E-05  1.54523184E-04
2.35747633E-01  7.22052289E-05  3.14203459E-05
2.36118209E-01  1.02008300E-04  2.55105613E-05
2.36488784E-01  4.14887306E-05  3.18317432E-05
2.36859359E-01  5.90721753E-05  2.50620928E-05
2.37229934E-01  1.02630392E-05  3.93017429E-04
2.37600510E-01  8.79935652E-05  1.17237021E-04
2.37909322E-01  7.02855949E-05  2.32930116E-04
2.38218135E-01  4.68685260E-05  1.23467174E-04
2.38588710E-01  8.75156448E-05  4.83533554E-05
2.38959286E-01  6.44248232E-05  5.59980051E-05
2.39329861E-01  3.40039767E-05  5.21007357E-05
2.39700436E-01  1.02067828E-04  6.43394402E-05
2.40071011E-01  3.96274771E-05  6.16861085E-05
2.40441587E-01  5.37738060E-05  2.17541000E-05
2.40812162E-01  4.47524383E-05  4.71289431E-04
2.41182737E-01  5.77306222E-05  2.32948671E-05
2.41553313E-01  2.89073340E-05  1.87839450E-04
2.41923888E-01  4.26162734E-05  2.46619621E-05
2.42294463E-01  1.10029349E-04  2.07693239E-05
2.42726801E-01  3.09880181E-05  5.00139052E-05
2.43159139E-01  5.18768932E-05  8.00636150E-05
2.43529714E-01  8.63099308E-05  2.16521074E-05
2.43900289E-01  4.06040639E-05  2.50881917E-05
2.44270865E-01  9.14728343E-05  8.69454923E-05
2.44641440E-01  3.14789342E-05  2.68149497E-05
2.45012015E-01  5.20881430E-06  8.51446555E-03
2.45382590E-01  6.87888960E-05  1.61213406E-04
2.45753166E-01  6.07756613E-05  1.28650989E-04
2.46123741E-01  4.57983811E-05  4.02962082E-05
2.46494316E-01  8.10799569E-05  7.87494632E-04
2.46864891E-01  4.45833119E-05  4.59656831E-05
2.47235467E-01  7.81823676E-05  5.85187912E-05
2.47606042E-01  5.32606609E-05  4.41044563E-05
2.47976617E-01  4.64191653E-05  2.21564941E-05
2.48408955E-01  3.26664569E-05  1.97993733E-05
2.48841293E-01  2.82765723E-05  4.14541930E-05
2.49211868E-01  8.08061441E-07  3.22720137E-05
2.49582443E-01  5.05822461E-05  7.92221079E-04
2.49953019E-01  9.88576572E-05  3.04368533E-05
2.50323594E-01  3.99815500E-05  2.21011206E-05
2.50694169E-01  2.89494387E-05  2.77758822E-05
2.51064744E-01  5.84252561E-05  3.37720012E-04
2.51497082E-01  5.91539972E-05  2.72291676E-05
2.51929420E-01  5.76383421E-05  4.52015294E-05
2.52299995E-01  2.54167216E-05  2.39762474E-05
2.52670571E-01  7.34531992E-05  2.22161586E-05
2.53041146E-01  3.46016857E-05  2.21459801E-05
2.53411721E-01  4.98390065E-05  2.14105104E-05
2.53782296E-01  3.75654293E-05  2.37377366E-05
2.54214634E-01  3.17066853E-05  2.40752545E-05
2.54646972E-01  4.95977340E-05  4.58231209E-05
2.55017547E-01  5.34487291E-05  2.04999547E-05
2.55388123E-01  3.43989257E-05  3.70998033E-04
2.55758698E-01  5.26305178E-05  4.54977066E-05
2.56191036E-01  -1.37336566E-07  2.22566796E-05
2.56623373E-01  5.11637172E-05  3.52684895E-05
2.56993949E-01  1.62981611E-05  2.19594521E-05
2.57364524E-01  3.95123809E-05  4.03895413E-05
2.57735099E-01  -6.35503576E-06  5.48351009E-05
2.58167437E-01  5.33481866E-05  3.79338002E-05
2.58599775E-01  2.16962546E-05  4.21994479E-05
2.58970350E-01  6.52287085E-05  2.02813427E-04
2.59340925E-01  1.97722637E-05  3.99761263E-05
2.59773263E-01  1.18998032E-05  1.87305249E-05
2.60205601E-01  4.49395891E-05  2.19340335E-05
2.60576176E-01  5.32039730E-05  2.16951139E-05
2.60946752E-01  5.76549754E-05  2.50022771E-05
2.61379089E-01  1.20010507E-05  2.68715612E-05
2.61811427E-01  2.84544922E-05  2.17069163E-05
2.62182003E-01  4.78505958E-05  4.71402061E-05
2.62552578E-01  3.12391910E-06  2.43337493E-05
2.62984916E-01  4.73389907E-05  1.85736933E-05
2.63417253E-01  3.57674672E-05  6.41410343E-05
2.63787829E-01  3.19028355E-05  2.46293269E-05
2.64220167E-01  6.44750220E-05  5.10538102E-05
2.64652504E-01  5.10252788E-05  2.12259639E-05
2.65023080E-01  2.67611614E-05  2.08359940E-05
2.65455417E-01  7.68255731E-05  3.72974696E-05
2.65887755E-01  4.94592137E-05  2.02197765E-05
2.66258330E-01  3.62757721E-05  2.97521967E-05
2.66690668E-01  6.71991546E-05  9.69135283E-05
2.67123006E-01  6.70057505E-05  4.71915150E-05
2.67493581E-01  3.11587620E-05  2.51065633E-05
2.67925919E-01  4.98376077E-05  1.77607386E-05
2.68358257E-01  2.36034819E-05  2.96520749E-05
2.68728832E-01  -1.85737710E-06  2.04848199E-05
2.69161170E-01  3.68034948E-05  1.93588812E-05
2.69593508E-01  5.00896524E-05  3.59678803E-05
2.69964083E-01  3.09476828E-06  2.17162248E-05
2.70396421E-01  2.49447564E-05  1.86126711E-05
2.70828759E-01  4.08423528E-05  8.03557983E-05
2.71261097E-01  5.62132854E-05  1.96737186E-05
2.71693434E-01  5.55374160E-05  2.30890616E-05
2.72064010E-01  4.65255144E-05  3.87747348E-05
2.72496348E-01  5.03979549E-05  2.18922684E-05
2.72928685E-01  -3.72750975E-06  4.42022457E-05
2.73361023E-01  3.53672965E-05  8.15386948E-05
2.73793361E-01  1.63029955E-06  2.01408903E-05
2.74163936E-01  7.81019778E-06  3.04231492E-05
2.74596274E-01  1.64310572E-05  3.99966672E-05
2.75028612E-01  5.67835557E-05  1.31712211E-04
2.75460950E-01  3.18872393E-05  3.18584823E-05
2.75893287E-01  4.15197582E-05  2.90949025E-05
2.76325625E-01  3.14797759E-05  1.98960118E-05
2.76757963E-01  5.15164097E-06  2.25102177E-05
2.77190301E-01  2.73645912E-05  2.70457953E-05
2.77622639E-01  4.52347820E-05  2.10336535E-05
2.77993214E-01  1.55135843E-05  2.47886457E-05
2.78425552E-01  1.14688323E-05  1.77131746E-05
2.78857890E-01  3.38713253E-05  3.72512958E-05
2.79290227E-01  4.83557403E-05  4.32476002E-05
2.79722565E-01  -7.72707719E-06  2.67954206E-05
2.80154903E-01  3.01054536E-05  1.75067190E-05
2.80587241E-01  6.69881770E-05  5.84577003E-05
2.81019579E-01  2.54870428E-05  3.76616610E-05
2.81451916E-01  2.95069707E-05  8.39240957E-05
2.81884254E-01  -1.30473468E-06  2.30072008E-05
2.82316592E-01  3.20089583E-05  2.83476398E-04
2.82748930E-01  3.47544480E-05  2.23341735E-05
2.83243030E-01  5.81053275E-05  4.48523567E-05
2.83675368E-01  3.94922989E-05  5.50292796E-05
2.84107706E-01  3.61538879E-05  3.48612824E-05
2.84540044E-01  7.36128343E-05  3.55206252E-05
2.84972382E-01  -3.27045385E-06  2.38844457E-05
2.85404719E-01  2.62863666E-05  1.98628401E-05
2.85837057E-01  5.86236898E-05  1.88186556E-05
2.86269395E-01  4.24332113E-05  2.05161180E-05
2.86701733E-01  1.29591297E-05  2.93516825E-05
2.87195833E-01  4.94635373E-05  2.17238548E-05
2.87628171E-01  5.38251230E-05  1.96708978E-05
2.88060509E-01  6.05213769E-05  2.10520509E-05
2.88492847E-01  3.19892657E-05  6.73197092E-05
2.88925184E-01  4.80514285E-05  1.71727508E-05
2.89419285E-01  1.81701078E-05  1.87886010E-05
2.89851623E-01  4.82703433E-05  2.38555608E-05
2.90283960E-01  7.34874198E-05  3.69263384E-05
2.90716298E-01  7.00262879E-05  3.32125140E-05
2.91148636E-01  4.18651499E-05  2.11433511E-05
2.91642736E-01  3.39578087E-05  1.80834679E-05
2.92075074E-01  7.72747947E-05  4.55295884E-05
2.92507412E-01  1.93990408E-05  5.96191454E-05
2.93001512E-01  1.25343909E-05  4.86197228E-05
2.93433850E-01  3.74187243E-05  2.07247190E-05
2.93866188E-01  2.59000354E-05  3.08668427E-05
2.94360288E-01  3.22936544E-05  2.27139149E-05
2.94792626E-01  3.83272276E-05  2.09987732E-05
2.95224964E-01  5.18231382E-05  2.88918098E-05
2.95719064E-01  3.58806549E-05  5.90500301E-05
2.96151402E-01  7.50778939E-05  1.95702701E-05
2.96583740E-01  5.99021180E-05  1.91075762E-04
2.97077840E-01  -6.65585727E-06  2.93403800E-05
2.97571941E-01  7.10310209E-06  2.11722649E-05
2.98004278E-01  2.90108664E-05  2.21266774E-05
2.98436616E-01  2.88637418E-05  2.45971025E-05
2.98930717E-01  3.56658816E-05  5.35995932E-05
2.99424817E-01  3.67930020E-05  2.44584865E-05
2.99857155E-01  7.85328360E-06  1.96342856E-05
3.00289493E-01  4.86290383E-05  1.78988551E-05
3.00783593E-01  5.20988192E-05  4.66764471E-05
3.01277693E-01  4.79054126E-05  1.97233082E-05
3.01710031E-01  3.14401487E-05  2.20523576E-05
3.02142369E-01  5.40597306E-05  2.01010658E-05
3.02636469E-01  2.98139296E-05  2.11592696E-05
3.03130570E-01  9.70075379E-06  2.84176120E-05
3.03562908E-01  3.77940961E-05  2.10216026E-05
3.03995245E-01  5.19576639E-05  2.69293255E-05
3.04489346E-01  3.54518073E-05  3.14164608E-05
3.04983446E-01  4.18869069E-05  1.78005768E-05
3.05477546E-01  3.24109661E-05  4.70914941E-05
3.05909884E-01  2.20675659E-06  2.40607148E-05
3.06342222E-01  2.18313659E-05  3.60470385E-04
3.06836322E-01  3.42610018E-05  1.88442460E-05
3.07330423E-01  2.33016726E-05  2.25360284E-05
3.07824523E-01  2.17441746E-05  3.19012731E-05
3.08318623E-01  4.96097289E-05  2.16336375E-05
3.08812724E-01  1.98300054E-05  2.06895139E-05
3.09245062E-01  -5.73418699E-07  1.74110373E-04
3.09677399E-01  3.67011632E-05  1.39337096E-04
3.10171500E-01  7.55322095E-06  2.53786323E-05
3.10665600E-01  1.36549014E-05  2.75325195E-05
3.11159701E-01  5.58769158E-05  3.72405923E-04
3.11653801E-01  6.54527552E-05  2.68044923E-05
3.12147901E-01  4.99631129E-05  8.66801770E-05
3.12642002E-01  3.71307335E-05  2.28622730E-05
3.13136102E-01  -4.06773307E-06  3.58957357E-05
3.13568440E-01  1.59644933E-05  4.67048188E-04
3.14000778E-01  5.81541955E-05  2.44463717E-05
3.14494878E-01  3.94474778E-05  5.53254513E-05
3.14988978E-01  8.84858495E-06  2.35878526E-05
3.15483079E-01  5.17181705E-05  2.45039756E-05
3.15977179E-01  7.56854636E-05  2.55000415E-05
3.16471279E-01  1.87447353E-05  2.47399199E-03
3.16965380E-01  5.54484867E-06  2.49854751E-05
3.17459480E-01  4.06998271E-06  2.90174338E-05
3.17953580E-01  4.04920014E-05  7.73160544E-05
3.18447681E-01  1.14091649E-05  6.98260436E-05
3.18941781E-01  1.99325267E-05  1.21758453E-04
3.19435882E-01  1.97910747E-05  6.58051840E-05
3.19929982E-01  2.27190380E-05  2.83280713E-05
3.20424082E-01  2.93651362E-05  2.61324310E-05
3.20918183E-01  1.61045826E-05  3.00036693E-05
3.21412283E-01  7.64051880E-06  2.59034315E-05
3.21906383E-01  -1.22180673E-06  2.78322758E-05
3.22400484E-01  8.06231441E-06  4.26919388E-05
3.22894584E-01  -4.44003816E-06  2.84665462E-05
3.23388684E-01  1.64744872E-05  2.91368036E-05
3.23882785E-01  2.91124168E-05  2.53326346E-05
3.24376885E-01  2.95215177E-05  2.99008712E-05
3.24870985E-01  2.22593472E-05  2.96487261E-04
3.25365086E-01  5.70714876E-05  1.03992284E-03
3.25859186E-01  6.09531927E-05  2.85876909E-04
3.26353287E-01  2.64503064E-05  2.27982444E-04
3.26847387E-01  3.99577490E-05  8.01436769E-05
3.27403250E-01  -1.97838627E-05  2.29693322E-04
3.27959113E-01  -3.66059794E-05  7.29475815E-05
3.28453213E-01  -1.43790422E-05  2.73736680E-05
3.28947313E-01  4.66747571E-05  7.34506516E-05
3.29441414E-01  2.78257211E-05  5.18725771E-05
3.29935514E-01  8.64267050E-05  7.32846923E-05
3.30429614E-01  1.19240151E-05  1.26721849E-04
3.30923715E-01  4.66353161E-05  2.95069836E-05
3.31417815E-01  2.63659160E-06  3.05914336E-05
3.31973678E-01  4.76147985E-05  3.80925833E-05
3.32529541E-01  4.18550972E-06  2.98763887E-05
3.33023641E-01  1.67268484E-05  7.06626409E-05
3.33517742E-01  3.63854233E-05  2.98377934E-04
3.34011842E-01  1.76333338E-05  3.13230076E-05
3.34505942E-01  1.02123271E-04  5.75443000E-05
3.35061805E-01  4.01888066E-05  2.54278768E-05
3.35617668E-01  -4.37928875E-05  7.98653961E-05
3.36111769E-01  -1.45197377E-05  4.15343635E-05
3.36605869E-01  -1.03007212E-05  2.04468351E-04
3.37099969E-01  -1.74019867E-05  4.01470099E-05
3.37655832E-01  4.20728094E-08  8.80102485E-05
3.38211695E-01  1.27349074E-05  2.92116271E-05
3.38705795E-01  5.53905140E-05  3.22007886E-05
3.39199896E-01  -8.19417536E-06  1.89132346E-04
3.39755759E-01  2.67324532E-05  3.68790074E-05
3.40311622E-01  3.23857540E-05  2.28933017E-03
3.40805722E-01  2.23495191E-06  2.93446635E-05
3.41299822E-01  -6.23199420E-06  3.51068764E-05
3.41855685E-01  2.56711936E-05  9.59795817E-05
3.42411548E-01  -1.27536038E-05  3.04706443E-05
3.42905649E-01  5.02513078E-05  7.01125123E-05
3.43399749E-01  3.74421650E-05  3.34647128E-05
3.43955612E-01  1.26183074E-05  4.52400656E-05
3.44511475E-01  2.10885562E-05  3.03424148E-05
3.45005575E-01  1.96410824E-05  6.76121741E-05
3.45561438E-01  2.95671275E-05  4.63243436E-05
3.46117301E-01  3.51095814E-05  1.08527743E-04
3.46611401E-01  -3.83606601E-05  3.45987407E-05
3.47167264E-01  -3.17466679E-06  2.90098758E-05
3.47723127E-01  4.12389033E-05  3.22039280E-05
3.48217227E-01  2.58534459E-05  4.54101847E-05
3.48773090E-01  -1.15272110E-07  1.54071207E-04
3.49328953E-01  5.46904230E-05  3.20243226E-05
3.49823054E-01  3.09509385E-05  5.10567867E-05
3.50378916E-01  1.79481686E-05  3.66713686E-05
3.50934779E-01  -1.75408182E-05  3.26706655E-05
3.51490642E-01  3.10609338E-05  1.01457576E-04
3.52046505E-01  3.57526243E-05  9.00048028E-05
3.52540606E-01  -2.36127418E-05  1.10108323E-03
3.53096468E-01  -8.13871177E-06  5.98797189E-05
3.53652331E-01  -2.18956456E-05  5.77536999E-05
3.54208194E-01  7.12565201E-05  4.23984067E-05
3.54764057E-01  -1.06798621E-05  1.04886327E-04
3.55319920E-01  3.71263089E-05  1.02505570E-04
3.55875783E-01  4.85275672E-05  1.17114205E-04
3.56369883E-01  4.52699765E-05  8.42121103E-05
3.56925746E-01  7.05822062E-05  2.98241886E-05
3.57481609E-01  2.94889605E-05  3.33005557E-05
3.58037472E-01  -3.41509847E-05  2.41652406E-04
3.58593335E-01  -2.08836719E-06  1.87129288E-04
3.59149198E-01  3.29768227E-05  4.99902416E-05
3.59705061E-01  2.71525749E-05  3.41791847E-05
3.60260924E-01  4.67304303E-05  3.27437371E-05
3.60816787E-01  -2.33392576E-06  4.04198695E-05
3.61372649E-01  4.18567791E-05  3.14928124E-05
3.61928512E-01  4.19639380E-05  7.25578449E-03
3.62484375E-01  4.06675240E-05  3.11766196E-05
3.63040238E-01  4.04664689E-05  4.58299120E-05
3.63596101E-01  4.64566395E-05  7.76943595E-04
3.64151964E-01  -3.23829988E-07  1.95396654E-04
3.64707827E-01  -5.80119371E-06  6.82576083E-05
3.65325452E-01  5.75420575E-05  3.23323957E-05
3.65881315E-01  -3.62322164E-05  3.89896966E-05
3.66437178E-01  2.44297599E-05  3.25491613E-05
3.66993041E-01  3.00721207E-05  3.63868079E-05
3.67548904E-01  9.43231962E-08  3.81779348E-05
3.68104767E-01  1.25640636E-05  3.67601891E-05
3.68660630E-01  3.95256932E-05  3.33331519E-05
3.69278255E-01  -3.70519211E-06  6.80878994E-05
3.69834118E-01  -1.42404883E-05  3.98502547E-05
3.70389981E-01  5.53262704E-05  5.11086099E-05
3.71007606E-01  -1.46928210E-06  3.30507683E-05
3.71563469E-01  3.74958513E-05  8.50510890E-05
3.72119332E-01  -3.33455890E-05  3.63767148E-05
3.72675195E-01  3.68399493E-05  9.89481138E-05
3.73231058E-01  4.00586714E-05  7.83541816E-05
3.73848683E-01  -1.85513229E-06  1.19784002E-03
3.74404546E-01  5.97262839E-05  6.87565252E-05
3.74960409E-01  5.46380157E-05  8.83077705E-04
3.75578035E-01  6.29345076E-06  3.58479795E-05
3.76195660E-01  1.19181978E-04  4.11839213E-05
3.76751523E-01  -1.02239156E-05  4.97890824E-05
3.77307386E-01  4.01340701E-05  8.41345651E-05
3.77925011E-01  2.55695914E-05  3.85573692E-05
3.78480874E-01  -3.69379707E-05  5.03901576E-04
3.79036737E-01  4.68329643E-05  3.78830818E-05
3.79654363E-01  1.00067471E-04  6.63092288E-03
3.80271988E-01  2.74249080E-05  3.73506931E-05
3.80827851E-01  3.03509491E-05  4.74883430E-05
3.81383714E-01  8.84983030E-06  4.60114587E-05
3.82001339E-01  2.41425291E-05  3.81259710E-05
3.82618965E-01  3.49464395E-06  9.93424455E-05
3.83174828E-01  7.17509805E-05  4.41820793E-05
3.83730691E-01  4.51547014E-05  8.43618876E-05
3.84348316E-01  4.33627582E-05  1.25762142E-04
3.84965942E-01  7.25827835E-05  7.37325946E-05
3.85583567E-01  2.03442535E-05  4.46378145E-05
3.86201192E-01  1.00520386E-04  6.19044376E-05
3.86757055E-01  9.64958356E-05  6.06139421E-05
3.87312918E-01  -1.17526345E-06  4.53389758E-05
3.87930544E-01  -1.79061160E-05  4.57170155E-05
3.88548169E-01  3.51236349E-05  4.54298908E-05
3.89165795E-01  5.76213296E-05  9.24941684E-05
3.89783420E-01  5.38286702E-05  6.47557340E-05
3.90339283E-01  -7.64523077E-05  3.01782132E-03
3.90895146E-01  7.03172338E-05  5.78918124E-05
3.91512771E-01  9.18670354E-05  7.92314965E-05
3.92130397E-01  -2.30426166E-05  4.33064423E-05
3.92748022E-01  4.23483610E-05  9.73371915E-05
3.93365648E-01  -6.41896550E-05  6.07966791E-05
3.93983273E-01  -1.10624352E-06  1.03659517E-04
3.94600898E-01  3.90039996E-06  4.39015233E-05
3.95218524E-01  5.83089680E-05  7.54281654E-05
3.95836149E-01  3.09985924E-05  4.44186984E-03
3.96453775E-01  5.86799085E-05  4.54695033E-05
3.97071400E-01  6.70702950E-05  4.65355157E-05
3.97689026E-01  5.93973725E-05  4.59532484E-05
3.98306651E-01  -3.30781807E-05  7.60249410E-05
3.98924277E-01  -8.81151094E-05  5.70805152E-05
3.99541902E-01  6.06365125E-05  1.30325809E-04
4.00159528E-01  7.52425872E-05  4.99313029E-05
4.00777153E-01  7.48178346E-05  5.37748547E-05
4.01394778E-01  1.68500223E-04  1.26850715E-04
4.02012404E-01  8.52899173E-05  2.51557199E-04
4.02630029E-01  8.22462463E-05  5.19919293E-05
4.03247655E-01  -5.68629238E-06  6.28959675E-05
4.03865280E-01  -4.03492765E-05  5.38537559E-05
4.04482906E-01  3.64525297E-06  5.26748700E-05
4.05100531E-01  -7.32664199E-06  5.22985807E-05
4.05718157E-01  5.88390820E-05  1.37165192E-04
4.06335782E-01  1.13836290E-06  5.68300116E-05
4.06953407E-01  1.17051618E-05  9.05481986E-05
4.07571033E-01  5.37819076E-05  5.63758159E-05
4.08188658E-01  8.30377910E-05  1.00905152E-04
4.08806284E-01  1.15413213E-04  4.02975705E-04
4.09423909E-01  4.06943368E-05  6.05709937E-05
4.10103297E-01  -9.66512219E-05  5.48891894E-05
4.10782685E-01  5.50211211E-05  1.02363747E-04
4.11400311E-01  2.11746319E-05  6.12140089E-05
4.12017936E-01  9.13255263E-05  8.48496304E-05
4.12635562E-01  -4.16754461E-05  6.52828161E-05
4.13253187E-01  -3.77980070E-05  1.80976303E-03
4.13870812E-01  -4.02055244E-05  1.51370239E-04
4.14550200E-01  -1.34298145E-04  6.17706471E-05
4.15229588E-01  -3.49789196E-05  1.05125521E-04
4.15847214E-01  4.66317521E-05  7.97905208E-05
4.16464839E-01  -3.74226353E-05  8.98108918E-05
4.17082465E-01  -2.03104219E-05  2.56818239E-04


### HEADER:
#
#{
#    "analysis": {
#        "GNOM": {
#            "Alpha": 9.685,
#            "Dmax": "94",
#            "GNOM_ChiSquared": 0.8889323990247192,
#            "GNOM_Quality_Assessment": "a GOOD solution",
#            "Real_Space_I0": 0.001791,
#            "Real_Space_I0_Err": 8.289e-06,
#            "Real_Space_Rg": 24.86,
#            "Real_Space_Rg_Err": 0.181,
#            "Total_Estimate": 0.7845,
#            "qEnd": 0.41708246479348154,
#            "qStart": 0.002902839603923239
#        },
#        "guinier": {
#            "I0": "0.0017741577798694448",
#            "I0_autorg_err": -1,
#            "I0_err": 7.648408091156127e-06,
#            "I0_est_err": 2.0294777160921172e-06,
#            "I0_fit_err": 7.648408091156127e-06,
#            "Rg": "23.387979999110783",
#            "Rg_autorg_err": -1,
#            "Rg_err": 0.17956914551979009,
#            "Rg_est_err": 0.08579138036554126,
#            "Rg_fit_err": 0.17956914551979009,
#            "nEnd": 429,
#            "nStart": 0,
#            "qEnd": "0.0559",
#            "qRg_max": "1.3072735512861908",
#            "qRg_min": "0.06789155459718338",
#            "qStart": "0.0029",
#            "rsq": "0.762251933411467"
#        },
#        "molecularWeight": {
#            "Absolute": {
#                "Density_buffer": "3.34e+23",
#                "Density_dry_protein": "3.22e+23",
#                "MW": "",
#                "Partial_specific_volume": "0.7425"
#            },
#            "DatmwBayes": {
#                "ConfidenceIntervalLower": "14.5",
#                "ConfidenceIntervalProbability": "97.54220000000001",
#                "ConfidenceIntervalUpper": "16.45",
#                "MW": "15.475",
#                "MWProbability": "50.1776"
#            },
#            "I(0)Concentration": {
#                "MW": ""
#            },
#            "PorodVolume": {
#                "Cutoff": "Default",
#                "Density": "0.00083",
#                "MW": "16.139290469910144",
#                "Q_max": "0.34185568527053467",
#                "VPorod": "35093.77601952339",
#                "VPorod_Corrected": "19444.928277000174"
#            },
#            "ShapeAndSize": {
#                "Dmax": "76.6",
#                "MW": "21.993",
#                "Shape": "flat"
#            },
#            "VolumeOfCorrelation": {
#                "Cutoff": "Manual",
#                "MW": "17.03483620414424",
#                "Q_max": "0.3",
#                "Type": "Protein",
#                "Vcor": "221.45952514582316"
#            }
#        }
#    },
#    "filename": "A_S_TM01_011.dat"
#}

